title,url
هنرمند باهوش در تی ان تی - سریال تی ان تی,https://www.youtube.com/watch?v=fGKz211bzXo
کی سوال ها رو لو داد آخه؟ #shorst,https://www.youtube.com/watch?v=wXIOK2nZIpw
سریال تی ان تی -  تیزر قسمت 17 |  TNT Series - Teaser Episode 17,https://www.youtube.com/watch?v=5SWizeHjb5w
سریال زخم کاری - آنچه گذشت قسمت 2 | Zakhm Kari Series - Teaser,https://www.youtube.com/watch?v=R1I46QKY0mE
بازی جنگش قشنگه#shorts,https://www.youtube.com/watch?v=NAjNIUcSOyw
تو نبات شهری - سریال شبهای مافیا زودیاک,https://www.youtube.com/watch?v=MzzMK7KbqqA
سریال شبهای مافیا زودیاک - فصل 1 - تیزر قسمت 2 | Shabhaye Mafia Zodiac - Season 1 - Episode 2,https://www.youtube.com/watch?v=XrmzIgHzNq0
سریال زخم کاری - آنچه گذشت قسمت 1 | Zakhm Kari Series - Teaser,https://www.youtube.com/watch?v=i0CyY2xN77A
سریال پیکولو - تیزر قسمت 6 | Pikolo Series - Teaser Episode 6,https://www.youtube.com/watch?v=cs6YImu8lJ8
اینم شد سوغاتی؟ - سریال پیکولو,https://www.youtube.com/watch?v=RTgJ3oK9dVo
زخم کاری - بازگشت سید جواد هاشمی #shorts,https://www.youtube.com/watch?v=W0Mfr8P7-hc
زنش مرده حالش خوب نیست - سریال حیثیت گمشده,https://www.youtube.com/watch?v=gWXVhZ7miZA
از دماغت داره خون میاد#shorts,https://www.youtube.com/watch?v=WUHMIXCXwo4
سریال حیثیت گمشده - تیزر قسمت 5 | Heysiate Gomshode Series - Teaser Episode 5,https://www.youtube.com/watch?v=jvgBwivH-ag
فکر می کردم قراره تنها صحبت کنیم #shorts,https://www.youtube.com/watch?v=ouLyBe_jCi4
دیگه واقعا خداحافظ - سریال مگه تموم عمر چند تا بهاره,https://www.youtube.com/watch?v=jle20YGYHw4
می خوای مثل خفاش صبح منو بدزدی#shorts,https://www.youtube.com/watch?v=8PyfhpFTDVk
سریال مگه تموم عمر چند تا بهاره - اولین تیزر قسمت 7 | Mage Tamoome Omr Chand Ta Bahare Series,https://www.youtube.com/watch?v=amdjglw1JVk
خونه های متری - سریال صداتو - فصل 1,https://www.youtube.com/watch?v=Jzp6YpQLblw
یاد پسر خودش افتاد #shorts,https://www.youtube.com/watch?v=_wE2CNop3KM
ایتالیایی حرف زدن آقای مجری - سریال مهمونی - فصل 2,https://www.youtube.com/watch?v=HMWLnILiAwE
لبخند مونالیزا چیه؟ - سریال مهمونی - فصل 2,https://www.youtube.com/watch?v=8Vcndlc8c4k
این اسمش حسادت نیست خانم - سریال مهمونی - فصل 2,https://www.youtube.com/watch?v=UcSJT5LEeD8
پول داری تو دست و بالت؟ #shorts,https://www.youtube.com/watch?v=ezMgFrhrxtE
سریال صداتو - فصل 1 - تیزر قسمت 8 | Sedato Series - Season 1 - Teaser Episode 8,https://www.youtube.com/watch?v=M8xO8s2xMRg
سریال نهنگ آبی - قسمت 25 | Nahange Abi Series - Episode 25,https://www.youtube.com/watch?v=wlhQH6VGBVA
TELEVIKA Membership | توضیحات ممبر شیپ,https://www.youtube.com/watch?v=xj9qE8UlbZE
عشق استاد پیر به دختر جوان#shorts,https://www.youtube.com/watch?v=N4ZqGXtH4mg
سریال نیمه شب - فصل 2 - قسمت 16 | Nime Shab Series - Season 2 - Episode 16,https://www.youtube.com/watch?v=sNYbnH-fkgw
بزن دکمه ی ممتنع#shorts,https://www.youtube.com/watch?v=XX189quG7_k
خدارو شکر دوستم نداشت - سریال تی ان تی,https://www.youtube.com/watch?v=hHke5u0-7Jg
منو حفظ کنید تا شهرتون تاریک نشه - سریال شبهای مافیا زودیاک,https://www.youtube.com/watch?v=8w71xJmhVVg
واسه تولدش شوتش کردن #shorts,https://www.youtube.com/watch?v=662stwqUGqM
سریال شبهای مافیا زودیاک - فصل 1 - دومین تیزر قسمت 1 | Shabhaye Mafia Zodiac - Season 1 - Episode 1,https://www.youtube.com/watch?v=-yuvBTu89k4
گرما اصلا رو من اثری نداره - سریال پیکولو,https://www.youtube.com/watch?v=4yDGVk0TUH8
تو را از بین خوبان برگزیدم#shorts,https://www.youtube.com/watch?v=fkYElCvdhZQ
سریال تی ان تی - دومین تیزر قسمت 16 | TNT Series - Teaser Episode 16,https://www.youtube.com/watch?v=t6l6gSFU5Uc
سریال تی ان تی - اولین تیزر قسمت 16 | TNT Series - Teaser Episode 16,https://www.youtube.com/watch?v=NICBWWbNuu4
زخم کاری بازگشت - الهه حصاری#shorts,https://www.youtube.com/watch?v=caZ9jVDQLx4
تو چی میگی این وسط؟ ابر مال خودمه#shorts,https://www.youtube.com/watch?v=5fS0HhsS2EM
سریال پیکولو - تیزر قسمت 5 | Pikolo Series - Teaser Episode 5,https://www.youtube.com/watch?v=3OCjYbDG5Ok
سریال شبهای مافیا زودیاک - فصل 1 - اولین تیزر قسمت 1 | Shabhaye Mafia Zodiac - Season 1 - Episode 1,https://www.youtube.com/watch?v=ksXRdG-IbGg
احیانا اگر من به خودم فحش بدم که به شما بر نمیخوره#shorts,https://www.youtube.com/watch?v=ZRMXCQPwg88
پول منو بده داداش، منم هر چی بدونم می ذارم کف دستت - سریال حیثیت گمشده,https://www.youtube.com/watch?v=E4-eanftbFY
سریال حیثیت گمشده - تیزر قسمت 4 | Heysiate Gomshode Series - Teaser Episode 4,https://www.youtube.com/watch?v=pB7y0RdQgJ8
سیروان خسروی منو از نزدیک دیده - سریال مگه تموم عمر چند تا بهاره,https://www.youtube.com/watch?v=rW6igRCduso
دیشب شما تو حفره نبودین؟#shorts,https://www.youtube.com/watch?v=_7mJlWAgMQQ
سریال مگه تموم عمر چند تا بهاره - دومین تیزر قسمت 6 | Mage Tamoome Omr Chand Ta Bahare Series,https://www.youtube.com/watch?v=S-DHXgYi9gY
میکروفن تو کله ت گیر کرده #shorts,https://www.youtube.com/watch?v=w_FHRtSWVOs
به عشق در نگاه دوم اعتقاد دارم - سریال مهمونی - فصل 2,https://www.youtube.com/watch?v=8uCS8G7VlEc
فن پای بی جوراب خوردم - سریال مهمونی - فصل 2,https://www.youtube.com/watch?v=7Szo6X6pEBs
پیتزا همه رو خراب می کنه - سریال مهمونی - فصل 2,https://www.youtube.com/watch?v=YWJ-YEJ1hHI
چرا شماره تلفنت تاریخ تولد منه؟ #shorts,https://www.youtube.com/watch?v=MRGrV51nRIU
سریال نهنگ آبی - قسمت 24 | Nahange Abi Series - Episode 24,https://www.youtube.com/watch?v=fnhLjRa2JQw
سریال مگه تموم عمر چند تا بهاره - اولین تیزر قسمت 6 | Mage Tamoome Omr Chand Ta Bahare Series,https://www.youtube.com/watch?v=JOui3qjEYZc
سریال شبهای مافیا زودیاک - فصل 1 - تیزر | Shabhaye Mafia Zodiac - Season 1,https://www.youtube.com/watch?v=b5s9yy_BAOw
فیلم سینمایی دسته دختران - دومین تیزر | Dasteh Dokhtaran Movie - Teaser,https://www.youtube.com/watch?v=VoJkCKRQrfw
سریال نیمه شب - فصل 2 - قسمت 15 | Nime Shab Series - Season 2 - Episode 15,https://www.youtube.com/watch?v=u-SMZx-fCFo
ارتباط پروستات با لهجه#shorts,https://www.youtube.com/watch?v=9X5Kfm1D6aY
سریال حیثیت گمشده - قسمت 1 | Heysiate Gomshode Series - Episode 1,https://www.youtube.com/watch?v=Dfmmj76III4
جنس خوبو رو هوا میبرن - سریال حیثیت گمشده,https://www.youtube.com/watch?v=7agfygMcccU
یعنی می خواست بمیره؟ - سریال حیثیت گمشده,https://www.youtube.com/watch?v=CVpxIA1L6eg
موتورم رو شرط می بندم#shorts,https://www.youtube.com/watch?v=_psGF27OWLE
سریال حیثیت گمشده - تیزر قسمت 3 | Heysiate Gomshode Series - Teaser Episode 3,https://www.youtube.com/watch?v=_KzTAjOQwzw
تو و همه این آدما رو با هم آتیش میزنم#shorts,https://www.youtube.com/watch?v=gKruFB-FjJ4
ممبرشیپ تلویکا #shorts,https://www.youtube.com/watch?v=zN0eJP2oCGs
سریال نهنگ آبی - قسمت 23 | Nahange Abi Series - Episode 23,https://www.youtube.com/watch?v=fMXKladUtB0
پشیمون شدمو نمی رم#shorts,https://www.youtube.com/watch?v=pQqtw6fXrc4
سریال نیمه شب - فصل 2 - قسمت 14 | Nime Shab Series - Season 2 - Episode 14,https://www.youtube.com/watch?v=bSz5Mvu_ORo
سیگار بکش ولی دروغ نگو#shorts,https://www.youtube.com/watch?v=QGMJ4NxTaEg
با این مرتیکه واستادی یه یه میخندی#shorts,https://www.youtube.com/watch?v=6uOYbB1JxLw
بچه ای که نه مادر داره نه پدر داره، نه شناسنامه داره - سریال حیثیت گمشده,https://www.youtube.com/watch?v=cqDYAL_p7f8
فقط یه مو، یه مو فاصله دارم تا خودمو تو حیاط اینجا آتیش بزنم - سریال حیثیت گمشده,https://www.youtube.com/watch?v=zPF8XTqY8zY
نه میدونی باردار بوده، نه میدونی مصرف داشته#shorts,https://www.youtube.com/watch?v=VhLjGiSlCTM
تلویکا، دنیایی از سرگرمی - بهترین سریال های فارسی را در یوتیوب تلویکا تماشا کنید @televikacom,https://www.youtube.com/watch?v=6Hzk-XTdfP8
Televika membership is available now! @televikacom,https://www.youtube.com/watch?v=NQcEahJZbuI
سریال حیثیت گمشده - تیزر قسمت 2 | Heysiate Gomshode Series - Teaser Episode 2,https://www.youtube.com/watch?v=t515swhc_qs
سریال ساخت ایران - فصل 3 - قسمت 19 | Sakhte Iran Series - Season 3 - Episode 19,https://www.youtube.com/watch?v=yCUlJ0CONTY
یه ایران رو می ندازم عقبتون#shorts,https://www.youtube.com/watch?v=PLY4AR6EyEo
معین زندی - موزیک ویدیو سریال حیثیت گمشده | Moein Zandi - Heysiate Gomshode,https://www.youtube.com/watch?v=tr4ybQbIJtA
سریال نهنگ آبی - قسمت 22 | Nahange Abi Series - Episode 22,https://www.youtube.com/watch?v=7eRfaMPJkjE
باید مسیری که رفتی، برعکس برگردی#shorts,https://www.youtube.com/watch?v=_VSCjNNyYgw
ازدواج کنیم، منم می بری خارج؟ - سریال مهمونی - فصل 2,https://www.youtube.com/watch?v=db_Kz2XpoYo
کی خاکشیر تو ماکارونی ریخته؟ - سریال مهمونی - فصل 2,https://www.youtube.com/watch?v=_K8iCxDFR7A
دعوای عروس و مادرشوهر - سریال مهمونی - فصل 2,https://www.youtube.com/watch?v=kF0ej2p0jwI
اینور خواهر و برادریم، اونور نامزد#shorts,https://www.youtube.com/watch?v=kl_MJI7GKNg
سریال نیمه شب - فصل 2 - قسمت 13 | Nime Shab Series - Season 2 - Episode 13,https://www.youtube.com/watch?v=79MJNgCkq2k
پیروز، توران و آذر#shorts,https://www.youtube.com/watch?v=-8NvXfhI0p8
تنهای بی سنگ صبور - سریال تی ان تی,https://www.youtube.com/watch?v=yoAcHoEFJNA
عمو سیروس آقای چراغی پور - سریال تی ان تی,https://www.youtube.com/watch?v=muZH2xFsT00
اون کلمه رو بگی، بقیش رو می گم#shorts,https://www.youtube.com/watch?v=HwbzB6n5efQ
سریال تی ان تی - تیزر قسمت 15 | TNT Series - Teaser Episode 15,https://www.youtube.com/watch?v=H7E2cA3uZuo
بگو واسه کدوم محلی بگم خان همون محله ام - سریال حیثیت گمشده,https://www.youtube.com/watch?v=JdWVwj2VmTw
برو زن بگیر، ده تا هم بگیر - سریال حیثیت گمشده,https://www.youtube.com/watch?v=3P2FV_bz-7E
جنس خوب رو من بهتر می فهمم یا تو#shorts,https://www.youtube.com/watch?v=jO1MPb0yNQw
سریال حیثیت گمشده - تیزر قسمت 1 | Heysiate Gomshode Series - Teaser Episode 1,https://www.youtube.com/watch?v=6vCFGsrwaKo
سریال بی گناه - قسمت 15 | Bigonah Series - Episode 15,https://www.youtube.com/watch?v=fMc5Yv-0lOc
من یکی دیگه رو دوست دارم#shorts,https://www.youtube.com/watch?v=3GUqzUfkrnA
سریال پیکولو - قسمت 1 | Pikolo Series - Episode 1,https://www.youtube.com/watch?v=GZMu8zgRBXQ
محلول جادویی رو بخورم یا نه؟#shorts,https://www.youtube.com/watch?v=iJ-2V0Sc1KU
سریال شبهای مافیا 3 - فصل 5 - قسمت 1 | Shabhaye Mafia 3 Series - Season 5 - Episode 1,https://www.youtube.com/watch?v=maYpqvJpTjg
لباس چی بپوشم؟ - سریال پیکولو,https://www.youtube.com/watch?v=BY66BO2nXt8
صداتو چرا نازک می کنی؟#shorts,https://www.youtube.com/watch?v=m0OO6-1kJnk
سریال پیکولو - تیزر قسمت 4 | Pikolo Series - Teaser Episode 4,https://www.youtube.com/watch?v=CfcNRfK-Wkk
زخم کاری بازگشت - سعید چنگیزیان#shorts,https://www.youtube.com/watch?v=digkz9gGo2c
سریال ساخت ایران - فصل 3 - قسمت 18 | Sakhte Iran Series - Season 3 - Episode 18,https://www.youtube.com/watch?v=9wVzRkYcxLM
حیف نقاشی رو دنبال نکردم#shorts,https://www.youtube.com/watch?v=tQ6r5W0P_rM
اینجا جهان سوراخ های توئه - سریال مگه تموم عمر چند تا بهاره,https://www.youtube.com/watch?v=1yaN5S9bnbg
قرص آبی یا قرمز#shorts,https://www.youtube.com/watch?v=hxGKyTXpC-M
سریال مگه تموم عمر چند تا بهاره - دومین تیزر قسمت 5 | Mage Tamoome Omr Chand Ta Bahare Series,https://www.youtube.com/watch?v=u4PLsoWYf8A
سلام دوس نداری، خداحافظ دوس داری؟ - سریال مهمونی - فصل 2,https://www.youtube.com/watch?v=qqntnZsWqZk
می خواد گولمون بزنه - سریال صداتو - فصل 1,https://www.youtube.com/watch?v=QoXHPC6tVhg
همه رو شکار کرده - سریال صداتو - فصل 1,https://www.youtube.com/watch?v=Ty-Zo19Ieko
اگه مطمئن نیستی، چرا حرف می زنی؟#shorts,https://www.youtube.com/watch?v=R8nl-tHFS5w
زندگی بدون عشق مثل ... - سریال مهمونی - فصل 2,https://www.youtube.com/watch?v=VLuvepJhlak
شعور داشتی دوتا گل می گرفتی - سریال مهمونی - فصل 2,https://www.youtube.com/watch?v=8PTR0DDu3Uk
این بوی شماست#shorts,https://www.youtube.com/watch?v=vIzcUDkFhpk
سریال نهنگ آبی - قسمت 21 | Nahange Abi Series - Episode 21,https://www.youtube.com/watch?v=JWLQrB9jQpM
می خوان بندازنمون به جون همدیگه#shorts,https://www.youtube.com/watch?v=3y2qr0y40Ok
سریال صداتو - فصل 1 - دومین تیزر قسمت 7 | Sedato Series - Season 1 - Teaser Episode 7,https://www.youtube.com/watch?v=TeUj8wP94Qk
سریال مگه تموم عمر چند تا بهاره - اولین تیزر قسمت 5 | Mage Tamoome Omr Chand Ta Bahare Series,https://www.youtube.com/watch?v=pkFetGcVgAU
سریال نیمه شب - فصل 2 - قسمت 12 | Nime Shab Series - Season 2 - Episode 12,https://www.youtube.com/watch?v=dRGcfnePHss
گوسفند پاشی#shorts,https://www.youtube.com/watch?v=XyKOI43jKlQ
سریال صداتو - فصل 1 - اولین تیزر قسمت 7 | Sedato Series - Season 1 - Teaser Episode 7,https://www.youtube.com/watch?v=LGEz4a_gddI
کامران نباید خیس بشی - سریال تی ان تی,https://www.youtube.com/watch?v=LN85Bxo3nnw
فوبیا کشش دارم - سریال تی ان تی,https://www.youtube.com/watch?v=mbh3eQg6Jgw
دسته خراب شد#shorts,https://www.youtube.com/watch?v=K21CCKhcy6w
سریال تی ان تی - تیزر قسمت 14 | TNT Series - Teaser Episode 14,https://www.youtube.com/watch?v=ggHPomR7jr8
سریال شبهای مافیا 3 - فصل 4 - قسمت 3 | Shabhaye Mafia 3 Series - Season 4 - Episode 3,https://www.youtube.com/watch?v=FRWAPl4xHos
تک تیراندازهای ترکیه میزننت - سریال نیوکمپ,https://www.youtube.com/watch?v=v1glksO8YqE
آخرین تست بازیگری - سریال نیوکمپ,https://www.youtube.com/watch?v=3xuvnygE8-s
به هاچ رفتن دیگه تموم شد#shorts,https://www.youtube.com/watch?v=NeneSjvpeXo
سریال حیثیت گمشده - تیزر | Heysiate Gomshode Series - Teaser,https://www.youtube.com/watch?v=jJDSVjc3kVQ
سریال بی گناه - قسمت 14 | Bigonah Series - Episode 14,https://www.youtube.com/watch?v=ejQwOVzSOBw
سریال نیوکمپ - تیزر قسمت 10 | Camp Nou Series - Teaser Episode 10,https://www.youtube.com/watch?v=Pp4nytAcrHQ
زندگیشو خراب کردی#shorts,https://www.youtube.com/watch?v=Er_q2OiYjZ4
زخم کاری بازگشت - مهران غفوریان#shorts,https://www.youtube.com/watch?v=9jRILnfaKds
سریال پیکولو - تیزر قسمت 3 | Pikolo Series - Teaser Episode 3,https://www.youtube.com/watch?v=aqoz001vC-8
هر لحظه ممکنه پیکولو بره هوا - سریال پیکولو,https://www.youtube.com/watch?v=MkLvKDql1pk
اولین وقتمون همین الانه#shorts,https://www.youtube.com/watch?v=au5TCbqrtA8
سریال پیکولو - تیزر موزیکال قسمت 3 | Pikolo Series - Musical Teaser,https://www.youtube.com/watch?v=E_moL9Kb8Xw
سریال ساخت ایران - فصل 3 - قسمت 17 | Sakhte Iran Series - Season 3 - Episode 17,https://www.youtube.com/watch?v=KX80c4p7z7g
من بدل یکی از بره ها بودم#shorts,https://www.youtube.com/watch?v=gfV3QwMlXjM
من مار خودمو نشونتون بدم - سریال مگه تموم عمر چند تا بهاره,https://www.youtube.com/watch?v=1TAYAbXx1kg
میشه یه جای خلوت صحبت کنیم#shorts,https://www.youtube.com/watch?v=bE_04dDR8TQ
سریال مگه تموم عمر چند تا بهاره - دومین تیزر قسمت 4 | Mage Tamoome Omr Chand Ta Bahare Series,https://www.youtube.com/watch?v=auSB11SthMc
سریال پیکولو - عکس‌ موشن | Pikolo Series,https://www.youtube.com/watch?v=srH3hmEqAPk
کدوم داستان واقعیه؟ - سریال صداتو - فصل 1,https://www.youtube.com/watch?v=y6IWUwd4wVk
کدوم صدا الکیه؟ - سریال صداتو - فصل 1,https://www.youtube.com/watch?v=bR2FrlPp8wQ
چرا همیشه من اول شروع کنم؟#shorts,https://www.youtube.com/watch?v=rAb5HACJQCk
ماجرای پنیرخور شدن نوک خراب - سریال مهمونی - فصل 2,https://www.youtube.com/watch?v=xDJofD_Kacw
دختر گل فروش وارد می شود - سریال مهمونی - فصل 2,https://www.youtube.com/watch?v=bFkzlvkDF_c
من فقط بهش می گم رز هلندی - سریال مهمونی - فصل 2,https://www.youtube.com/watch?v=gp07nP2O1a0
پنیر عجب متاع خوبیه#shorts,https://www.youtube.com/watch?v=2HWcPyV-HEg
سریال صداتو - فصل 1 - تیزر قسمت 6 | Sedato Series - Season 1 - Teaser Episode 6,https://www.youtube.com/watch?v=Y7AY-p0yw-E
سریال نهنگ آبی - قسمت 20 | Nahange Abi Series - Episode 20,https://www.youtube.com/watch?v=5trcjjC_J_Y
مگه نو نقاشی درس میدی؟#shorts,https://www.youtube.com/watch?v=WwU2Yauq1mo
سریال مگه تموم عمر چند تا بهاره - اولین تیزر قسمت 4 | Mage Tamoome Omr Chand Ta Bahare Series,https://www.youtube.com/watch?v=HX8SjA4d2SE
شاخه ی درخت لوبیای سحرآمیز - سریال پیکولو,https://www.youtube.com/watch?v=3-CKGLFEnks
درخت سحرآمیز از شکمش دراومد#shorts,https://www.youtube.com/watch?v=Q_8dNV1StkU
سریال پیکولو - تیزرقسمت 2 | Pikolo Series - Teaser Episode 2,https://www.youtube.com/watch?v=kjV4y73jY1s
سریال نیمه شب - فصل 2 - قسمت 11 | Nime Shab Series - Season 2 - Episode 11,https://www.youtube.com/watch?v=_W2ROqR5kbM
مهران رجبی: من لذت می برم مردم به من توهین می کنند#shorts,https://www.youtube.com/watch?v=5lMl3XfGrpk
دو روز مانده به پخش قسمت 6 صداتو#shorts,https://www.youtube.com/watch?v=Y0ZsKeQDguM
کدوم کشور بری، آبروت میره؟#shorts,https://www.youtube.com/watch?v=HZvF24a62IQ
یادگاری دهه شصت - سریال تی ان تی,https://www.youtube.com/watch?v=rUpa_MDHtkk
اینا اومدن آب بازی - سریال تی ان تی,https://www.youtube.com/watch?v=qWrz1yjAOBs
سریال تی ان تی - تیزر قسمت 13 | TNT Series - Teaser Episode 13,https://www.youtube.com/watch?v=oKUA0TK-_P0
جزیره جادویی پیکولو #shorts,https://www.youtube.com/watch?v=zzIWR32Mpww
امن ترین بانک خاورمیانه - سریال نیوکمپ,https://www.youtube.com/watch?v=iUwJ7YbdkWQ
اشکان دژاگه نجاتشون داد - سریال نیوکمپ,https://www.youtube.com/watch?v=xjaCDSovrhY
دیگه رئیس رو گرفتین، ما رو ول کنید #shorts,https://www.youtube.com/watch?v=WVHWPFjJRbE
سریال بی گناه - قسمت 13 | Bigonah Series - Episode 13,https://www.youtube.com/watch?v=gWH3Th9FAl4
مچ گیری#shorts,https://www.youtube.com/watch?v=PcCNWEuVqM0
سریال پیکولو - تیزر موزیکال | Pikolo Series - Musical Teaser,https://www.youtube.com/watch?v=AMWXNn33uI0
سریال نیوکمپ - تیزر قسمت 9 | Camp Nou Series - Teaser Episode 9,https://www.youtube.com/watch?v=jiNQV2G27zM
معرفی شالی و پیکی #shorts,https://www.youtube.com/watch?v=kwgXXdkVbNE
این ترسو رو بردارین ببرین - سریال پیکولو,https://www.youtube.com/watch?v=gl_Rq0HSD28
موزیکال پیکولو - سریال پیکولو,https://www.youtube.com/watch?v=6JzpQgSZnuU
سریال پیکولو - 1 روز مانده به پخش | Pikolo Series - Teaser,https://www.youtube.com/watch?v=fMPyCtKyrdY
معرفی واکرو و ته غاری ها #shorts,https://www.youtube.com/watch?v=a_JVt3yok48
بازگشت سریال زخم کاری محمدحسین مهدویان #shorts,https://www.youtube.com/watch?v=g3s4QWGtT1k
سریال پیکولو هم اکنون در تلویکا #shorts,https://www.youtube.com/watch?v=RdU4tvUKYc4
سریال ساخت ایران - فصل 3 - قسمت 16 | Sakhte Iran Series - Season 3 - Episode 16,https://www.youtube.com/watch?v=6zJ0wp84MAo
برید بازی تونو کنید#shorts,https://www.youtube.com/watch?v=Mdit2eT8duo
معرفی شالی و پانچو #shorts,https://www.youtube.com/watch?v=cU9fQyBU1b8
سریال پیکولو - 2 روز مانده به پخش | Pikolo Series - Teaser,https://www.youtube.com/watch?v=feZA8oL8_hQ
تفریحی مار میگیرن - سریال مگه تموم عمر چند تا بهاره,https://www.youtube.com/watch?v=r_8AD5fxcJU
پول خیلی زیاد - سریال زیرزمین,https://www.youtube.com/watch?v=A3_S4kea6ns
دستو ول کن - سریال زیرزمین,https://www.youtube.com/watch?v=aF3oevf-MTA
مرد سیاه پوش #shorts,https://www.youtube.com/watch?v=n6v5IY-sejY
میشه با ما زندگی بکنه؟ #shorts,https://www.youtube.com/watch?v=47UCP-GnABE
سریال مگه تموم عمر چند تا بهاره - دومین تیزر قسمت 3 | Mage Tamoome Omr Chand Ta Bahare Series,https://www.youtube.com/watch?v=t3eMTBewqzk
"فیلم سینمایی چپ، راست - تیزر | Chap, Rast Movie - Teaser",https://www.youtube.com/watch?v=k-Mhm6xHJFE
پیکی و مخترع#shorts,https://www.youtube.com/watch?v=Dm8VTMuJIEc
سریال مگه تموم عمر چند تا بهاره - اولین تیزر قسمت 3 | Mage Tamoome Omr Chand Ta Bahare Series,https://www.youtube.com/watch?v=XYncXO6LZ-k
پروتئینی گیشا - سریال صداتو - فصل 1,https://www.youtube.com/watch?v=iX9veo7vwX8
انتخاب خواننده خیلی سخت شد - سریال صداتو - فصل 1,https://www.youtube.com/watch?v=LbXQIlRnmF4
سریال پیکولو - 3 روز مانده به پخش | Pikolo Series - Teaser,https://www.youtube.com/watch?v=aHfvqrl1qQI
از خونه میکروفون آورده#shorts,https://www.youtube.com/watch?v=IYTZMjgI4UA
یه اجرای دسته جمعی - سریال مهمونی - فصل 2,https://www.youtube.com/watch?v=IB46s4gAzq4
دیشب مثل هر شب - سریال مهمونی - فصل 2,https://www.youtube.com/watch?v=LUqQYJ-WEf0
کیانیان عاشق قیمه ست - سریال مهمونی - فصل 2,https://www.youtube.com/watch?v=UApRHhcHrg8
پسر کیانیان هم باشی فایده نداره#shorts,https://www.youtube.com/watch?v=XGUPRWOQjsw
سریال صداتو - فصل 1 - تیزر قسمت 5 | Sedato Series - Season 1 - Teaser Episode 5,https://www.youtube.com/watch?v=2ghsWZQxo5A
سریال نهنگ آبی - قسمت 19 | Nahange Abi Series - Episode 19,https://www.youtube.com/watch?v=rJ-H_SBL7OE
می تونی منو ببخشی؟#shorts,https://www.youtube.com/watch?v=DYD5nV-5b9g
سریال پیکولو - 4 روز مانده به پخش | Pikolo Series - Teaser,https://www.youtube.com/watch?v=ddtKFzdqg6A
جوابش چی میشه؟#shorts,https://www.youtube.com/watch?v=hpGHT3Mnq64
به عشق خودت - سریال تی ان تی,https://www.youtube.com/watch?v=GYRKnML078c
خون رو با خون شست - سریال تی ان تی,https://www.youtube.com/watch?v=E54OFpwmVew
سریال تی ان تی - تیزر قسمت 12 | TNT Series - Teaser Episode 12,https://www.youtube.com/watch?v=OHqQWfLqS6k
سریال نیمه شب - فصل 2 - قسمت 10 | Nime Shab Series - Season 2 - Episode 10,https://www.youtube.com/watch?v=AaW7ja94Jn8
پیکولو#shorts,https://www.youtube.com/watch?v=EuEW4t_BB_8
استایل عجیب مدیرعامل ایران خودرو#shorts,https://www.youtube.com/watch?v=zmkrwJsM4PU
سریال پیکولو - 5 روز مانده به پخش | Pikolo Series - Teaser,https://www.youtube.com/watch?v=Ah_Y5bDGmwo
سریال پیکولو - 6 روز مانده به پخش | Pikolo Series - Teaser,https://www.youtube.com/watch?v=WB3vsAOb1s0
سریال پیکولو - تیزر | Pikolo Series - Teaser,https://www.youtube.com/watch?v=YOm7EgUy60E
تیزر بازگشت - سریال زخم کاری,https://www.youtube.com/watch?v=EwgQi43ftXg
آرژانتین حمله میکنه - سریال نیوکمپ,https://www.youtube.com/watch?v=ZJ9RP8Ht_rI
مسی پلیز بیشتر بریز - سریال نیوکمپ,https://www.youtube.com/watch?v=rwM9pZ9V2JQ
سریال نیوکمپ - تیزر قسمت 8 | Camp Nou Series - Teaser Episode 8,https://www.youtube.com/watch?v=X7x7opN0AFM
زخم کاری بازگشت#shorts,https://www.youtube.com/watch?v=L0BjtzAh78g
خداروشکر پول داشت#shorts,https://www.youtube.com/watch?v=hAwWYDGy4-g
سریال بی گناه - قسمت 12 | Bigonah Series - Episode 12,https://www.youtube.com/watch?v=NVUWQjn_Zf8
چه شبی شد امشب#shorts,https://www.youtube.com/watch?v=ZBivT4iOpEY
سریال زخم کاری - قسمت 1 | Zakhm Kari Series - Episode 1,https://www.youtube.com/watch?v=98-FT97cjfw
باید تحمل کنی#shorts,https://www.youtube.com/watch?v=4_NbxxYACiA
سریال ساخت ایران - فصل 3 - قسمت 15 | Sakhte Iran Series - Season 3 - Episode 15,https://www.youtube.com/watch?v=ihnuIWHOPCU
نام نیک یک هنرمند رو به سخره نگیرید#shorts,https://www.youtube.com/watch?v=FPzcf6F79sU
غمبارترین شب زندگی - سریال مگه تموم عمر چند تا بهاره,https://www.youtube.com/watch?v=tHEuJMypARY
لاتین رو پشت گوش ننداز#shorts,https://www.youtube.com/watch?v=1NX1q1j8hoQ
سریال مگه تموم عمر چند تا بهاره - دومین تیزر قسمت 2 | Mage Tamoome Omr Chand Ta Bahare Series,https://www.youtube.com/watch?v=SSZgD3wllXk
فیلم سینمایی دسته دختران - اولین تیزر | Dasteh Dokhtaran Movie - Teaser,https://www.youtube.com/watch?v=7iZSoRIsUMc
سریال نارگیل - قسمت 15 (قسمت آخر) | Nargil Series - Episode 15,https://www.youtube.com/watch?v=_WFSZYaqBRs
...یا امضا می کنید یا#shorts,https://www.youtube.com/watch?v=nEDGRlKn1qw
طوطی ناخدا کجاست - سریال صداتو - فصل 1,https://www.youtube.com/watch?v=o8hFPQAreGY
سریال مگه تموم عمر چند تا بهاره - اولین تیزر قسمت 2 | Mage Tamoome Omr Chand Ta Bahare Series,https://www.youtube.com/watch?v=n5VlLxsroho
به همه زبان ها می تونه بخونه#shorts,https://www.youtube.com/watch?v=FyQHquPe7Wc
الان گوسفندها سلبریتی شدن - سریال صداتو - فصل 1,https://www.youtube.com/watch?v=Tenvr8JVYt8
اعتراف اجباری#shorts,https://www.youtube.com/watch?v=OAKkCB9Vtd4
شاباشیوس در مقابل دیجیوس - سریال مهمونی - فصل 2,https://www.youtube.com/watch?v=owem35uYGd4
پنیر دزد کتلت دزد شد - سریال مهمونی - فصل 2,https://www.youtube.com/watch?v=J2jfrsQ66vI
کتلت پز رو زدم - سریال مهمونی - فصل 2,https://www.youtube.com/watch?v=m4pKtr8PWes
سریال صداتو - فصل 1 - تیزر قسمت 4 | Sedato Series - Season 1 - Teaser Episode 4,https://www.youtube.com/watch?v=o8119IybYgc
سریال نهنگ آبی - قسمت 18 | Nahange Abi Series - Episode 18,https://www.youtube.com/watch?v=NQorZoLITnY
چرا باید گندهای گذشته رو هم بزنیم#shorts,https://www.youtube.com/watch?v=QH5IjNaSnYA
سریال تی ان تی - تیزر قسمت 11 | TNT Series - Teaser Episode 11,https://www.youtube.com/watch?v=PZ2INRDaWc8
پینیکو پاتیکو یا خدمات ناخن#shorts,https://www.youtube.com/watch?v=qzj8n8Sa434
حنجره شو بیمه کرده؟ - سریال تی ان تی,https://www.youtube.com/watch?v=cNRjbHZeXDs
اتاق فرمان رحم کن - سریال تی ان تی,https://www.youtube.com/watch?v=3gV66ITW5lc
سریال نیمه شب - فصل 2 - قسمت 9 | Nime Shab Series - Season 2 - Episode 9,https://www.youtube.com/watch?v=wkrS9Rr392s
فرار مالیاتی ترامپ#shorts,https://www.youtube.com/watch?v=U8FnkmgjpQw
از آغوش قانون به آغوش خانواده - سریال نیوکمپ,https://www.youtube.com/watch?v=iFlzV-WSMGY
ما واسه ناموس آدم میکشیم - سریال نیوکمپ,https://www.youtube.com/watch?v=4RZpMhKhgYA
اهرم فشار من مهریه ست#shorts,https://www.youtube.com/watch?v=x3a-L7sdptI
سریال بی گناه - قسمت 11 | Bigonah Series - Episode 11,https://www.youtube.com/watch?v=IpzUR77Paig
من دوست معمولی نمی خوام، بهت علاقه دارم#shorts,https://www.youtube.com/watch?v=J6m1LeiDsao
فیلم سینمایی جزیره فضایی - تیزر | Jazireye Fazayi Movie - Teaser,https://www.youtube.com/watch?v=ACMwJs4JuBw
سریال مگه تموم عمر چند تا بهاره - تیزر قسمت 1 | Mage Tamoome Omr Chand Ta Bahare Series - Teaser 1,https://www.youtube.com/watch?v=3k6D9XEq4d0
سریال ساخت ایران - فصل 3 - قسمت 14 | Sakhte Iran Series - Season 3 - Episode 14,https://www.youtube.com/watch?v=rt5IhSViysU
غلام... آقام...#shorts,https://www.youtube.com/watch?v=iYV8Uo4jl4E
مصداق بارز بی شعوری - سریال مگه تموم عمر چند تا بهاره,https://www.youtube.com/watch?v=5nLzVm3azXY
یعتی تصمیمتو گرفتی - سریال صداتو - فصل 1,https://www.youtube.com/watch?v=k4Tiwt1LrWI
سریال مگه تموم عمر چندتا بهاره؟#shorts,https://www.youtube.com/watch?v=2Mx7S1vQxJ8
چرا شلوغش می کنی؟#shorts,https://www.youtube.com/watch?v=CVpiNSJ8AZQ
سریال نارگیل - قسمت 14 | Nargil Series - Episode 14,https://www.youtube.com/watch?v=DKsfoxY5upQ
بالاخره یه بار به درد خوردی#shorts,https://www.youtube.com/watch?v=GhpC9n-B-ig
سریال صداتو - فصل 1 - قسمت 1 | Sedato Series - Season 1 - Episode 1,https://www.youtube.com/watch?v=SBl_EfO2zx8
بد قاطی کرد#shorts,https://www.youtube.com/watch?v=nT1BIZ4U_2M
کی خواننده نیست؟ - سریال صداتو - فصل 1,https://www.youtube.com/watch?v=56_-9YroqJQ
شی شی... شیشه رو شکست - سریال مهمونی - فصل 2,https://www.youtube.com/watch?v=xd3mg2qzEHk
شیطون بلایی - سریال مهمونی - فصل 2,https://www.youtube.com/watch?v=s82dP0PnYs4
کام گرفتن نوک خراب - سریال مهمونی - فصل 2,https://www.youtube.com/watch?v=hYhEJ2og8Po
سریال صداتو - فصل 1 - تیزر قسمت 3 | Sedato Series - Season 1 - Teaser Episode 3,https://www.youtube.com/watch?v=NnM_Z3MHeLk
دکلره کرده، باید پماد زینک بزنه#shorts,https://www.youtube.com/watch?v=rknp7eHGYAE
سریال نهنگ آبی - قسمت 17 | Nahange Abi Series - Episode 17,https://www.youtube.com/watch?v=sNkwUmqhOcc
ازشون مثل سگ می ترسم#shorts,https://www.youtube.com/watch?v=Q0tw2no-b3E
سریال مگه تموم عمر چند تا بهاره - تیزر | Mage Tamoome Omr Chand Ta Bahare Series - Teaser,https://www.youtube.com/watch?v=sQ-BUo0OcGc
از دیوی در اومد#shorts,https://www.youtube.com/watch?v=C2OKZ1wCLqI
سریال دیو و ماه پیشونی - تیزر قسمت 15 | Div o Mah Pishooni Series - Teaser Episode 15,https://www.youtube.com/watch?v=UWTv5d66R-U
سریال نیمه شب - فصل 2 - قسمت 8 | Nime Shab Series - Season 2 - Episode 8,https://www.youtube.com/watch?v=-uSg6uP08LI
وسط جلسه ورق بازی می کنن#shorts,https://www.youtube.com/watch?v=3SjwfwBSUZQ
شرکت کننده خیسش قشنگه#shorts,https://www.youtube.com/watch?v=fwr6gLdJ-Y4
عزیز دلم بزنم - سریال تی ان تی,https://www.youtube.com/watch?v=GZJMlDFEvlM
آب نیست، آتیشه! - سریال تی ان تی,https://www.youtube.com/watch?v=s6JCX19X2AI
سریال تی ان تی - تیزر قسمت 10 | TNT Series - Teaser Episode 10,https://www.youtube.com/watch?v=s_gd6XIsf_g
فن آبجی تم#shorts,https://www.youtube.com/watch?v=7wCvawjIcpY
خیلی دوست داشتم - سریال نیوکمپ,https://www.youtube.com/watch?v=RvjSPUmxDws
تست بازیگری عجیب - سریال نیوکمپ,https://www.youtube.com/watch?v=XXnNUi5npJY
سریال نیوکمپ - تیزر قسمت 6 | Camp Nou Series - Teaser Episode 6,https://www.youtube.com/watch?v=jvfMMxHbQyI
سریال بی گناه - قسمت 10 | Bigonah Series - Episode 10,https://www.youtube.com/watch?v=PCbrjzrXakE
عمو بهمن؟#shorts,https://www.youtube.com/watch?v=wDaRdQ80rgI
خیلی سخته - سریال صداتو - فصل 1,https://www.youtube.com/watch?v=tQDBk_bQheE
فیلم سینمایی بی صدا حلزون - تیزر | Bi Seda Halazoon Movie - Teaser,https://www.youtube.com/watch?v=eixNbdq8OL4
سریال ساخت ایران - فصل 3 - قسمت 13 | Sakhte Iran Series - Season 3 - Episode 13,https://www.youtube.com/watch?v=aROExdblhW4
سیر شدی؟ یا پیاز؟#shorts,https://www.youtube.com/watch?v=RG8e-ddid88
سریال نارگیل - قسمت 13 | Nargil Series - Episode 13,https://www.youtube.com/watch?v=a8IpU9W0HOA
جون ایران دست توعه#shorts,https://www.youtube.com/watch?v=C8V-_1pzbmc
اهل روابط خصوصیه#shorts,https://www.youtube.com/watch?v=BY4XMrS_beo
میکروفن هم داریم - سریال صداتو - فصل 1,https://www.youtube.com/watch?v=efaBEztC63w
مهمون نداریم - سریال مهمونی - فصل 2,https://www.youtube.com/watch?v=JgMqB6XHqJQ
روح دو شغله - سریال مهمونی - فصل 2,https://www.youtube.com/watch?v=QGmjRIm-4G8
چهارشونه نه، پونزده شونه - سریال مهمونی - فصل 2,https://www.youtube.com/watch?v=alx00eM5im4
آمیتاب باچان#shorts,https://www.youtube.com/watch?v=ue74vbZ_Ov0
سریال صداتو - فصل 1 - تیزر قسمت 2 | Sedato Series - Season 1 - Teaser Episode 2,https://www.youtube.com/watch?v=uznJEluZ4yI
فیلم سینمایی بخارست - تیزر 2 | Bokharest Movie - Teaser 2,https://www.youtube.com/watch?v=4XFYuxDpM6g
سریال نهنگ آبی - قسمت 16 | Nahange Abi Series - Episode 16,https://www.youtube.com/watch?v=5MRJNfxACEs
برا شوهرت بپا گذاشتی؟#shorts,https://www.youtube.com/watch?v=BYPx-nfTsZs
سریال دیو و ماه پیشونی - تیزر قسمت 14 | Div o Mah Pishooni Series - Teaser Episode 14,https://www.youtube.com/watch?v=X8tzN9e8SMI
دیو دلاک#shorts,https://www.youtube.com/watch?v=sEwG7UQceNo
سریال نیمه شب - فصل 2 - قسمت 7 | Nime Shab Series - Season 2 - Episode 7,https://www.youtube.com/watch?v=ktwEqbJUzAY
کی به کی شیر میده؟#shorts,https://www.youtube.com/watch?v=kpWw0G8Xslg
سریال بی گناه - قسمت 9 | Bigonah Series - Episode 9,https://www.youtube.com/watch?v=Gr4YGVxTXOo
شب زیاده روی کردی#shorts,https://www.youtube.com/watch?v=Dh2iMLgB3w0
تو چرا همیشه یه دختر تو زندگیته - سریال نیوکمپ,https://www.youtube.com/watch?v=REgpjZXrXTc
نجات خانم اوتادی - سریال نیوکمپ,https://www.youtube.com/watch?v=q3wLDBKdPJc
سوپر من#shorts,https://www.youtube.com/watch?v=N7nj-2jFCo4
سریال نیوکمپ - تیزر قسمت 5 | Camp Nou Series - Teaser Episode 5,https://www.youtube.com/watch?v=RiT_85ytOPk
فیلم سینمایی بخارست - تیزر 1 | Bokharest Movie - Teaser 1,https://www.youtube.com/watch?v=FVZisBmjLZc
سریال ساخت ایران - فصل 3 - قسمت 12 | Sakhte Iran Series - Season 3 - Episode 12,https://www.youtube.com/watch?v=YMzrddF4OaU
اون یکی فرق می کنه#shorts,https://www.youtube.com/watch?v=SclX0wPEsNg
سریال نارگیل - قسمت 12 | Nargil Series - Episode 12,https://www.youtube.com/watch?v=X5SMwmELZd4
وروره آزاد شده#shorts,https://www.youtube.com/watch?v=CJnnLrsPMXs
گیم شو صداتو چهارشنبه ها در تلویکا#shorts,https://www.youtube.com/watch?v=lqF6_uBH-GY
تمام تلاشمو میکنم که دویست میلیون رو ببری - سریال صداتو - فصل 1,https://www.youtube.com/watch?v=i_-vws039ls
به من بخند عزیزم کنارم بمان - سریال صداتو - فصل 1,https://www.youtube.com/watch?v=2dJsL8tRACc
ما خیلی خلاقیم - سریال مهمونی - فصل 2,https://www.youtube.com/watch?v=ZElIEpnmPlM
عروس دوماد رو میخوابونن تو عسل#shorts,https://www.youtube.com/watch?v=pQPt1omkZzs
به نیش پشه حساسیت دارم - سریال مهمونی - فصل 2,https://www.youtube.com/watch?v=6oX-KZsh-ZI
بدبختی از همین جا شروع میشه - سریال مهمونی - فصل 2,https://www.youtube.com/watch?v=2PqLDMOR0SQ
سریال نهنگ آبی - قسمت 15 | Nahange Abi Series - Episode 15,https://www.youtube.com/watch?v=BBVZY-BoWA4
یا پسر خوبی هستی یا خیلی خیلی پسر بدی#shorts,https://www.youtube.com/watch?v=ZX2B0vwa6Gs
سوت که بلدی؟#shorts,https://www.youtube.com/watch?v=7T_hpqwjwm4
سریال تی ان تی - تیزر قسمت 8 | TNT Series - Teaser Episode 8,https://www.youtube.com/watch?v=lnhV1GGCydM
سریال دیو و ماه پیشونی - تیزر قسمت 13 | Div o Mah Pishooni Series - Teaser Episode 13,https://www.youtube.com/watch?v=_8d7zQ12vVM
سریال نیمه شب - فصل 2 - قسمت 6 | Nime Shab Series - Season 2 - Episode 6,https://www.youtube.com/watch?v=zif1dE3Le8s
جمع کنید این مسخره بازیا رو#shorts,https://www.youtube.com/watch?v=cmVHGN3DgYc
خاله بازی - سریال تی ان تی,https://www.youtube.com/watch?v=e5IFqf1l-Pk
سید رنگی - سریال تی ان تی,https://www.youtube.com/watch?v=R1j42PLru8A
آقای هاشمی#shorts,https://www.youtube.com/watch?v=DRUkaIZHR-U
سریال تی ان تی - تیزر قسمت 9 | TNT Series - Teaser Episode 9,https://www.youtube.com/watch?v=lSPFQCXbwM4
جنازه و ملکه#shorts,https://www.youtube.com/watch?v=vAOhYBLUaq8
به هاچ رفتیم - سریال نیوکمپ,https://www.youtube.com/watch?v=H5s2ryaO0aw
سریال نیوکمپ - سکانس برتر قسمت 4 | Camp Nou Series,https://www.youtube.com/watch?v=zpMCI1QlnQY
سریال بی گناه - قسمت 8 | Bigonah Series - Episode 8,https://www.youtube.com/watch?v=nMTRQpa0klU
نیای بیرون میام تو#shorts,https://www.youtube.com/watch?v=yg5yBCTZtIk
سریال ساخت ایران - فصل 3 - قسمت 11 | Sakhte Iran Series - Season 3 - Episode 11,https://www.youtube.com/watch?v=-jCa2X2AW6U
تاتلیس قبل از مرگ#shorts,https://www.youtube.com/watch?v=kWl8ZpC93jk
سریال نارگیل - قسمت 11 | Nargil Series - Episode 11,https://www.youtube.com/watch?v=fAgLHPce75c
معمای سخت دیو#shorts,https://www.youtube.com/watch?v=WnTiw3jcxu0
بلبلی#shorts,https://www.youtube.com/watch?v=V9eTBm2tqf0
سریال مهمونی - فصل 2 - اولین سکانس برتر قسمت 11 | Mehmoni Series - Season 2,https://www.youtube.com/watch?v=1TLW_D03tDA
سریال مهمونی - فصل 2 - دومین سکانس برتر قسمت 11 | Mehmoni Series - Season 2,https://www.youtube.com/watch?v=UuWkfNoRhb0
آهنگ فاخر بخون - سریال مهمونی - فصل 2,https://www.youtube.com/watch?v=gACHj60tLKM
سریال نهنگ آبی - قسمت 14 | Nahange Abi Series - Episode 14,https://www.youtube.com/watch?v=KPLSv-GysJ4
داستان جنایی#shorts,https://www.youtube.com/watch?v=QndONaO-Gzs
خوی دیویم نمیزنه بیرون#shorts,https://www.youtube.com/watch?v=7BVqOXpwzqI
سریال دیو و ماه پیشونی - تیزر قسمت 12 | Div o Mah Pishooni Series - Teaser Episode 12,https://www.youtube.com/watch?v=2jXTA8f3IfE
سریال نیمه شب - فصل 2 - قسمت 5 | Nime Shab Series - Season 2 - Episode 5,https://www.youtube.com/watch?v=EJQ_oet4nwE
چقدر حلال خوری تو#shorts,https://www.youtube.com/watch?v=EaCTRzxAoTY
مسابقه به فنا رفت#shorts,https://www.youtube.com/watch?v=Cqx-Ygao5rs
سریال تی ان تی - سکانس برتر قسمت 8 | TNT Series,https://www.youtube.com/watch?v=23in8j_xV9Y
خوش شانس حال بهم زن - سریال تی ان تی,https://www.youtube.com/watch?v=KdyecgM1hB4
سریال نیوکمپ - قسمت 1 | Camp Nou Series - Episode 1,https://www.youtube.com/watch?v=ED7hJf4LbaU
سریال نیوکمپ قسمت اول#shorts,https://www.youtube.com/watch?v=qmF7tWVaSj8
سریال ارتش سری - فصل 5 - تیزر قسمت 3 | Arteshe Serri Series - Season 5 - Teaser,https://www.youtube.com/watch?v=ERwmTRX7zK0
سریال ارتش سری - فصل 5 - سکانس برتر قسمت 3 | Arteshe Serri Series - Season 5,https://www.youtube.com/watch?v=ZUx3dTa22v0
منو تو خیاریم#shorts,https://www.youtube.com/watch?v=SF1-QwnKCow
تو شدی سوپراستار من افتادم رو خیارشور#shorts,https://www.youtube.com/watch?v=pARTBC7VjKA
کلمات عاشقانه بلد نیستم - سریال نیوکمپ,https://www.youtube.com/watch?v=G3hdVx_wgg0
سریال نیوکمپ - سکانس برتر قسمت 3 | Camp Nou Series,https://www.youtube.com/watch?v=-8InWgxhgcc
سریال بی گناه - قسمت 7 | Bigonah Series - Episode 7,https://www.youtube.com/watch?v=Q9cMX4aewh0
نمیخوام کاری کنی که دوست نداری#shorts,https://www.youtube.com/watch?v=6bbBCTwYdH8
سریال نیوکمپ - تیزر قسمت 3 | Camp Nou Series - Teaser Episode 3,https://www.youtube.com/watch?v=eaww_3pBHms
سریال ساخت ایران - فصل 3 - قسمت 10 | Sakhte Iran Series - Season 3 - Episode 10,https://www.youtube.com/watch?v=CczlR66kXWA
تسلیم شو بابایی#shorts,https://www.youtube.com/watch?v=M77LCjmlkv8
سریال نارگیل - قسمت 10 | Nargil Series - Episode 10,https://www.youtube.com/watch?v=L6vzDm7xOk0
نارگیل حسابشونو برس#shorts,https://www.youtube.com/watch?v=BWRiw1sbO8g
پشورخان#shorts,https://www.youtube.com/watch?v=7V8XmSiomXw
جواب مارو ندادی - سریال مهمونی - فصل 2,https://www.youtube.com/watch?v=HTQAVoHRCzM
ساز زدن علیرضا کمالی - سریال مهمونی - فصل 2,https://www.youtube.com/watch?v=sDy696SYnEM
بهترین دی جی دنیا - سریال مهمونی - فصل 2,https://www.youtube.com/watch?v=9NrqvPvDNx8
احضار روح دلخور#shorts,https://www.youtube.com/watch?v=GRdCDHjwBVY
سریال دیو و ماه پیشونی - تیزر قسمت 11 | Div o Mah Pishooni Series - Teaser Episode 11,https://www.youtube.com/watch?v=7GHLCjK-BzU
سریال نهنگ آبی - قسمت 13 | Nahange Abi Series - Episode 13,https://www.youtube.com/watch?v=BmPk1cUsqLA
میدونی داری با کی حرف میزنی#shorts,https://www.youtube.com/watch?v=f8va-PwKvNc
سریال نیمه شب - فصل 2 - قسمت 4 | Nime Shab Series - Season 2 - Episode 4,https://www.youtube.com/watch?v=FIIEgnL-mCE
کی هست المیرا دهقانی؟#shorts,https://www.youtube.com/watch?v=vtKEA1uN_YY
لوزر حرفه ای#shorts,https://www.youtube.com/watch?v=vmiyGW--Ifs
سریال تی ان تی - دومین سکانس برتر قسمت 7 | TNT Series,https://www.youtube.com/watch?v=uj2NKu0fGP8
سریال تی ان تی - اولین سکانس برتر قسمت 7 | TNT Series,https://www.youtube.com/watch?v=MLuxk86WYZw
سریال تی ان تی - تیزر قسمت 7 | TNT Series - Teaser Episode 7,https://www.youtube.com/watch?v=qOF7bhqBENY
سریال ارتش سری - فصل 5 - تیزر قسمت 2 | Arteshe Serri Series - Season 5 - Teaser,https://www.youtube.com/watch?v=hNCPbBFop5I
سریال ارتش سری - فصل 5 - سکانس برتر قسمت 2 | Arteshe Serri Series - Season 5,https://www.youtube.com/watch?v=PO0oMuGKA-M
به پدر مادر خود نیکی کنید#shorts,https://www.youtube.com/watch?v=LbvG8XRhw-s
دختر همسایمونه - سریال نیوکمپ,https://www.youtube.com/watch?v=0Sjor-YqkSs
چرخ زندگیمون داره میچرخه - سریال نیوکمپ,https://www.youtube.com/watch?v=pZPNnxFLRlY
اسکلمون کردی#shorts,https://www.youtube.com/watch?v=BKaDOS56mCM
سریال بی گناه - قسمت 6 | Bigonah Series - Episode 6,https://www.youtube.com/watch?v=WbJmKhk_vWM
به کسی نگو اومدم اینجا#shorts,https://www.youtube.com/watch?v=3koyG63szbI
شوی منتالیست - سکانس برتر قسمت 9 | Mentalist Show,https://www.youtube.com/watch?v=1pWYcxB0sqs
نخ جادویی#shorts,https://www.youtube.com/watch?v=PGiHhhuAQ9Q
سریال ساخت ایران - فصل 3 - قسمت 9 | Sakhte Iran Series - Season 3 - Episode 9,https://www.youtube.com/watch?v=AFAmckTz8Sc
بی شعوره#shorts,https://www.youtube.com/watch?v=7Yp01LAkF4A
سریال نارگیل - قسمت 9 | Nargil Series - Episode 9,https://www.youtube.com/watch?v=rPmtFhXlEm4
رپ خوندن لیوه#shorts,https://www.youtube.com/watch?v=YQw8bnawHNQ
خیر مقدم نوک خراب - سریال مهمونی - فصل 2,https://www.youtube.com/watch?v=MzT5zzA4mwY
سریال مهمونی - فصل 2 - سکانس برتر قسمت 9 | Mehmoni Series - Season 2,https://www.youtube.com/watch?v=46GU8jyDgqE
ننه دی جی و ننه شاباش - سریال مهمونی - فصل 2,https://www.youtube.com/watch?v=ZEU5a-oFQtA
ازدواج کردی طهماسب#shorts,https://www.youtube.com/watch?v=nv5LncMbEuI
سریال نهنگ آبی - قسمت 12 | Nahange Abi Series - Episode 12,https://www.youtube.com/watch?v=ZJ8S-tst5pM
مجبوری#shorts,https://www.youtube.com/watch?v=gvikSUip0CY
ده کیلو ژامبون#shorts,https://www.youtube.com/watch?v=CJ-b880aBIM
سریال نیمه شب - فصل 2 - قسمت 3 | Nime Shab Series - Season 2 - Episode 3,https://www.youtube.com/watch?v=xqhHQ7qCNek
تقلید صدای خواننده ها#shorts,https://www.youtube.com/watch?v=XiP0tRsOOSc
سریال دیو و ماه پیشونی - تیزر قسمت 10 | Div o Mah Pishooni Series - Teaser Episode 10,https://www.youtube.com/watch?v=cWBpMJ6SKnQ
مهران غفوریان خورده شد#shorts,https://www.youtube.com/watch?v=nWdOAeVprWY
خانوادگی آهنگی بودین - سریال تی ان تی,https://www.youtube.com/watch?v=JRh_84R8ZuI
قورت میده یا هضم می کنه - سریال تی ان تی,https://www.youtube.com/watch?v=Y0N2UHyzSzQ
سریال تی ان تی - تیزر قسمت 6 | TNT Series - Teaser Episode 6,https://www.youtube.com/watch?v=aFa9LWq2mac
سریال ارتش سری - فصل 5 - تیزر قسمت 1 | Arteshe Serri Series - Season 5 - Teaser,https://www.youtube.com/watch?v=HaFrOHVDdME
بازیم میشه#shorts,https://www.youtube.com/watch?v=aOrev3JC1oY
سریال نیوکمپ یکشنبه ها در تلویکا#shorts,https://www.youtube.com/watch?v=LQbX63I_FCs
سریال ارتش سری - فصل 5 - سکانس برتر قسمت 1 | Arteshe Serri Series - Season 5,https://www.youtube.com/watch?v=8iJFdWojTys
زوم کردی رو چشای لیلا اوتادی - سریال نیوکمپ,https://www.youtube.com/watch?v=goVBuJL9wFU
سریال نیوکمپ - سکانس برتر قسمت 1 | Camp Nou Series,https://www.youtube.com/watch?v=Rcpo0dMK_OY
سریال بی گناه - قسمت 5 | Bigonah Series - Episode 5,https://www.youtube.com/watch?v=gjnmILXF5ds
سر من به این روز افتاده#shorts,https://www.youtube.com/watch?v=lBQNfxQQA6U
یک روز مانده به آغاز سریال نیوکمپ#shorts,https://www.youtube.com/watch?v=ythrdKDmLGk
شوی منتالیست - سکانس برتر قسمت 8 | Mentalist Show,https://www.youtube.com/watch?v=7Oha8RD4mFg
کارت بازی#shorts,https://www.youtube.com/watch?v=DNSNzSKg6NA
سریال ساخت ایران - فصل 3 - قسمت 8 | Sakhte Iran Series - Season 3 - Episode 8,https://www.youtube.com/watch?v=c3hGtANbBvI
فیلم سینمایی خط استوا - تیزر | Khate Ostova Movie - Teaser,https://www.youtube.com/watch?v=kuXn-SOs-i4
ترکیه، قاچاق، شرط بندی، کلاه گیس#short,https://www.youtube.com/watch?v=4S-sUpKNd_Y
سریال نارگیل - قسمت 8 | Nargil Series - Episode 8,https://www.youtube.com/watch?v=hepaj7A50Zw
از ترس به خودتون میلرزین#shorts,https://www.youtube.com/watch?v=gI7amTH1E2I
دختر گاو فروش#shorts,https://www.youtube.com/watch?v=hWrBEee_KpI
سریال مهمونی - فصل 2 - سکانس برتر قسمت 8 | Mehmoni Series - Season 2,https://www.youtube.com/watch?v=pha_QJLHr2M
منو سننه؟ - سریال مهمونی - فصل 2,https://www.youtube.com/watch?v=DaDmn-IPXL4
بوقلمون پارتی - سریال مهمونی - فصل 2,https://www.youtube.com/watch?v=SEZS_lvcoWg
سریال نهنگ آبی - قسمت 11 | Nahange Abi Series - Episode 11,https://www.youtube.com/watch?v=R3cQG8U7UNs
نمی تونم بگم#shorts,https://www.youtube.com/watch?v=JviveUNMz8U
در جستجوی کیفودخان#shorts,https://www.youtube.com/watch?v=KGKqRcOF5IM
سریال دیو و ماه پیشونی - تیزر قسمت 9 | Div o Mah Pishooni Series - Teaser Episode 9,https://www.youtube.com/watch?v=neZ8WjGVnqY
سریال نیمه شب - فصل 2 - قسمت 2 | Nime Shab Series - Season 2 - Episode 2,https://www.youtube.com/watch?v=4oXwfyM3BjQ
خاک تو سر خودت#shorts,https://www.youtube.com/watch?v=PPALNAiRjGY
غول چراغ جادو - سریال تی ان تی,https://www.youtube.com/watch?v=TwQRq8xQEXc
سریال تی ان تی - سکانس برتر قسمت 5 | TNT Series,https://www.youtube.com/watch?v=BKpClY8ouzc
سریال تی ان تی - تیزر قسمت 5 | TNT Series - Teaser Episode 5,https://www.youtube.com/watch?v=k8oSIPnstgg
سریال ارتش سری - فصل 4 - تیزر قسمت 3 | Arteshe Serri Series - Season 4 - Teaser,https://www.youtube.com/watch?v=3CIDBl6A2fE
سریال ارتش سری - فصل 4 - سکانس برتر قسمت 3 | Arteshe Serri Series - Season 4,https://www.youtube.com/watch?v=QFyQtqIKLLo
پولیه#shorts,https://www.youtube.com/watch?v=u3wax_jqlZ0
!ایشون نمی تونه به من بگه چیکار کنم#shorts,https://www.youtube.com/watch?v=0Bs62c-GwtI
سریال ارتش سری - فصل 4 - سکانس برتر قسمت 2 | Arteshe Serri Series - Season 4,https://www.youtube.com/watch?v=Ar6hDmPn0ko
سریال ارتش سری - فصل 4 - تیزر قسمت 2 | Arteshe Serri Series - Season 4 - Teaser,https://www.youtube.com/watch?v=b3whvU4OWPg
شوخی منوچهر هادی با مهران غفوریان#shorts,https://www.youtube.com/watch?v=1sVUrifKsrQ
سریال بی گناه - قسمت 4 | Bigonah Series - Episode 4,https://www.youtube.com/watch?v=QzxCqmR4L8U
دخترا رو تهدید می کنن#shorts,https://www.youtube.com/watch?v=M3Btq8wIehs
زنگوله و انگشتر#shorts,https://www.youtube.com/watch?v=Rn1Oa6BwetY
شوی منتالیست - تیزر قسمت 7 | Mentalist Show - Teaser Episode 7,https://www.youtube.com/watch?v=EDnrS7ypyRE
شوی منتالیست - سکانس برتر قسمت 7 | Mentalist Show,https://www.youtube.com/watch?v=cwcGf7PU-Rg
سریال نیسان آبی - فصل 1 - پشت صحنه | Neysan Abi Series - Season 1 - Backstage,https://www.youtube.com/watch?v=65ZOXi9aLYI
سریال نیوکمپ - تیزر قسمت 1 | Camp Nou Series - Teaser Episode 1,https://www.youtube.com/watch?v=RVmIQTIq5CQ
سریال ساخت ایران - فصل 3 - قسمت 7 | Sakhte Iran Series - Season 3 - Episode 7,https://www.youtube.com/watch?v=8wJOBLWRr_8
چجوری دیدن مهمه#shorts,https://www.youtube.com/watch?v=mUrwow-kt6Y
سریال نارگیل - قسمت 7 | Nargil Series - Episode 7,https://www.youtube.com/watch?v=UZVkH8aYDAs
جشن کشته شدن ملکه#shorts,https://www.youtube.com/watch?v=2I0NZu6xAw4
فیلم سینمایی طلاخون - تیزر | Tala Khoon Movie - Teaser,https://www.youtube.com/watch?v=MDgF7IgB9vY
سورپرایز اشتباهی - سریال مهمونی - فصل 2,https://www.youtube.com/watch?v=xp-FBFgiEqM
پشه در نقش سهیلا - سریال مهمونی - فصل 2,https://www.youtube.com/watch?v=ne-XdIScy50
سریال مهمونی - فصل 2 - سکانس برتر قسمت 7 | Mehmoni Series - Season 2,https://www.youtube.com/watch?v=uUQr8NJNM50
اگه بری زیر لحاف خفه می شی؟#shorts,https://www.youtube.com/watch?v=qdhGDaW6OSY
سریال نهنگ آبی - قسمت 10 | Nahange Abi Series - Episode 10,https://www.youtube.com/watch?v=A_NLtChfABw
دلت برای خودت بسوزه#shorts,https://www.youtube.com/watch?v=YHPm--WLx50
آرمیتا رو ببوس#shorts,https://www.youtube.com/watch?v=4ccFupPjD18
قدر بچگیتو بدون#shorts,https://www.youtube.com/watch?v=exQrZGh7u1M
سریال نیمه شب - فصل 2 - قسمت 1 | Nime Shab Series - Season 2 - Episode 1,https://www.youtube.com/watch?v=qIJPcuoWRA4
معتاد مجرم است#shorts,https://www.youtube.com/watch?v=yVO9PoVDUnc
سریال دیو و ماه پیشونی - تیزر قسمت 8 | Div o Mah Pishooni Series - Teaser Episode 8,https://www.youtube.com/watch?v=MczWCbMZ4cs
انگشتم گیر کرد#shorts,https://www.youtube.com/watch?v=9aL0FpRvt-8
سریال تی ان تی - تیزر قسمت 4 | TNT Series - Teaser Episode 4,https://www.youtube.com/watch?v=3zZZXi_QN_o
سریال تی ان تی - سکانس برتر قسمت 4 | TNT Series,https://www.youtube.com/watch?v=sZ5uAIa_3g8
چرا میخوره بخار میکنه؟ سریال تی ان تی,https://www.youtube.com/watch?v=soZsaH_uMnk
سفارش غذاتو امضا کن#shorts,https://www.youtube.com/watch?v=Xr0ofgwMuwQ
شوی منتالیست - سکانس برتر قسمت 6 | Mentalist Show,https://www.youtube.com/watch?v=ZpB_TzMktlM
سریال بی گناه - قسمت 3 | Bigonah Series - Episode 3,https://www.youtube.com/watch?v=iEMTDh5f_TU
بابا داره خیانت می کنه#shorts,https://www.youtube.com/watch?v=P2eFge7dtfQ
شوی منتالیست - تیزر قسمت 6 | Mentalist Show - Teaser Episode 6,https://www.youtube.com/watch?v=jokbwj7gt6w
سریال نیسان آبی - فصل 1 - قسمت 20 (قسمت آخر) | Neysan Abi Series - Season 1 - Episode 20,https://www.youtube.com/watch?v=G_teXkPIFaI
تو مسیر میومدی، زن جدید اختیار نکردی؟#shorts,https://www.youtube.com/watch?v=paOTrprtOrs
سریال ساخت ایران - فصل 3 - قسمت 6 | Sakhte Iran Series - Season 3 - Episode 6,https://www.youtube.com/watch?v=919G8FxQ94s
پیش کی بودی؟#shorts,https://www.youtube.com/watch?v=715fQNiSvag
سریال نارگیل - قسمت 6 | Nargil Series - Episode 6,https://www.youtube.com/watch?v=zldhr7XWttI
بذارید این بانوی خوش برخورد با ما بیاد#shorts,https://www.youtube.com/watch?v=630zFP7BgNg
مهران احمدی یا احمد مهرانفر؟ - سریال مهمونی - فصل 2,https://www.youtube.com/watch?v=_PIA9AtQMQs
سریال مهمونی - فصل 2 - دومین سکانس برتر قسمت 6 | Mehmoni Series - Season 2,https://www.youtube.com/watch?v=iTiEBFqcyq4
سریال مهمونی - فصل 2 - اولین سکانس برتر قسمت 6 | Mehmoni Series - Season 2,https://www.youtube.com/watch?v=pHcr4ZERfCg
میخوام بخورمت#shorts,https://www.youtube.com/watch?v=veajDI_Uros
فیلم سینمایی تی تی - تیزر 2 | Titi Movie - Teaser 2,https://www.youtube.com/watch?v=9JD32XK8_UE
سریال نهنگ آبی - قسمت 9 | Nahange Abi Series - Episode 9,https://www.youtube.com/watch?v=iU0E9ub0HxA
دارن بهت دروغ می گن#shorts,https://www.youtube.com/watch?v=T4_PxVAbXXc
بیا وسط ارژنگ#shorts,https://www.youtube.com/watch?v=w0fazMjrPhc
"2هر کسی یا روز میمیرد یا شب، من شبانه روز- تیزر | Harkas Ya Shab Mimirad Ya Ruz, Man Shabane Ruz",https://www.youtube.com/watch?v=3YaG477crFE
سریال دیو و ماه پیشونی - تیزر قسمت 7 | Div o Mah Pishooni Series - Teaser Episode 7,https://www.youtube.com/watch?v=RCeSozGtJA4
سریال تی ان تی - قسمت 1 | TNT Series - Episode 1,https://www.youtube.com/watch?v=cOwEKgWfvfM
جیغ بنفش#shorts,https://www.youtube.com/watch?v=L7Rqy_iZ3dw
چقدر خوش شانسی - سریال تی ان تی,https://www.youtube.com/watch?v=n-ko9ZRqjbw
بزن تا پایین - سریال تی ان تی,https://www.youtube.com/watch?v=Wq-E20cK9xA
سریال تی ان تی - تیزر قسمت 3 | TNT Series - Teaser Episode 3,https://www.youtube.com/watch?v=OnXMeplbzuw
گردن کلفت#shorts,https://www.youtube.com/watch?v=EBO_1LHnxHY
سریال ارتش سری - فصل 4 - سکانس برتر قسمت 1 | Arteshe Serri Series - Season 4,https://www.youtube.com/watch?v=L9stRBeuKiY
سریال ارتش سری - فصل 4 - تیزر قسمت 1 | Arteshe Serri Series - Season 4 - Teaser,https://www.youtube.com/watch?v=MU-v8ge2R-g
سریال بی گناه - قسمت 2 | Bigonah Series - Episode 2,https://www.youtube.com/watch?v=uqd0DHPD0HA
من دوستتم#shorts,https://www.youtube.com/watch?v=Q7yH1Lak8Go
همه چیز تو این دنیا به کشیدنه#shorts,https://www.youtube.com/watch?v=aUWzdKkh6q8
پاتو چرا نمی شوری؟ - سریال زیرزمین,https://www.youtube.com/watch?v=fSRDThLmRIc
دلم خیلی برای دوران خودمون تنگ شده - سریال زیرزمین,https://www.youtube.com/watch?v=JB1V3B8PrBY
سریال زیرزمین - تیزر قسمت 5 | Zirzamin Series - Teaser Episode 5,https://www.youtube.com/watch?v=CNRRhNRCR2g
شوی منتالیست - تیزر قسمت 5 | Mentalist Show - Teaser Episode 5,https://www.youtube.com/watch?v=StvTG-Itxq8
شوی منتالیست - سکانس برتر قسمت 5 | Mentalist Show,https://www.youtube.com/watch?v=sDUaRrJV2fg
شعبده بازی با اسید#shorts,https://www.youtube.com/watch?v=KOQXraA6cZM
پلیس های سمی#shorts,https://www.youtube.com/watch?v=FpaTMAQhQjo
سریال نیسان آبی - فصل 1 - قسمت 19 | Neysan Abi Series - Season 1 - Episode 19,https://www.youtube.com/watch?v=loQmBAYsqcs
رسوایی خیانت جمشید#shorts,https://www.youtube.com/watch?v=BhWylNOiSyo
از کیست#shorts,https://www.youtube.com/watch?v=ip50ylerICA
انفجار ناگهانی حین برنامه#shorts,https://www.youtube.com/watch?v=ZdhKUlP1KaY
سریال ساخت ایران - فصل 3 - قسمت 5 | Sakhte Iran Series - Season 3 - Episode 5,https://www.youtube.com/watch?v=hCLH8eAM8ak
پوستتو می کنم#shorts,https://www.youtube.com/watch?v=nQ3YNTjdkFY
سریال نارگیل - قسمت 5 | Nargil Series - Episode 5,https://www.youtube.com/watch?v=B1goJQuauIw
خوش به حال ما شد#shorts,https://www.youtube.com/watch?v=4KpJ8ktEg9U
راز شعبده باز برملا شد#shorts,https://www.youtube.com/watch?v=0Peehyz82r8
سریال نهنگ آبی - قسمت 8 | Nahange Abi Series - Episode 8,https://www.youtube.com/watch?v=MA1BYeNW4jI
دوس داشتم همینجوری نگات کنم#shorts,https://www.youtube.com/watch?v=NSFTZgFqdio
سریال دیو و ماه پیشونی - تیزر قسمت 6 | Div o Mah Pishooni Series - Teaser Episode 6,https://www.youtube.com/watch?v=n7M3dlNCu2s
شهر پیرها#shorts,https://www.youtube.com/watch?v=f4iblC_o6-k
سریال ارتش سری - فصل 3 - تیزر قسمت 3 | Arteshe Serri Series - Season 3 - Teaser,https://www.youtube.com/watch?v=rT1Gge1RnXY
رقص شمالی حامد آهنگی#shorts,https://www.youtube.com/watch?v=UNTEGgHjPoU
سریال ارتش سری - فصل 3 - سکانس برتر قسمت 3 | Arteshe Serri Series - Season 3,https://www.youtube.com/watch?v=xGk_b-tadvc
جایزه نمیدن بهتون که#shorts,https://www.youtube.com/watch?v=PCsfFtCOPoI
سریال شبهای مافیا 4 - فصل 5 - قسمت 3 (قسمت آخر) | Shabhaye Mafia 4 Series - Season 5 - Episode 3,https://www.youtube.com/watch?v=9WbKFZoPbf0
نیش پشه#shorts,https://www.youtube.com/watch?v=yuPsf8EjeT4
آدم فروشی#shorts,https://www.youtube.com/watch?v=k5P_XRF2yhA
آرنجمو ببوس - سریال زیرزمین,https://www.youtube.com/watch?v=FsBWAWw8wUs
درست خوب بوده یا نه؟ - سریال زیرزمین,https://www.youtube.com/watch?v=1v3skoCETR0
شوی منتالیست - سکانس برتر قسمت 4 | Mentalist Show,https://www.youtube.com/watch?v=ghC_RRP5NJM
شوی منتالیست - تیزر قسمت 4 | Mentalist Show - Teaser Episode 4,https://www.youtube.com/watch?v=A1bf9HU-DGM
دست و نزدی#shorts,https://www.youtube.com/watch?v=MXvhzB6-ktk
ممیزی - فصل 3 - قسمت 16 | Momayezi - Season 3 - Episode 16,https://www.youtube.com/watch?v=V9l_uz00Q-4
سریال نیسان آبی - فصل 1 - قسمت 18 | Neysan Abi Series - Season 1 - Episode 18,https://www.youtube.com/watch?v=Tr8aDDk8vFE
خیانت جمشید#shorts,https://www.youtube.com/watch?v=nVXggG_kzCM
سریال مهمونی - فصل 2 - قسمت 1 | Mehmoni Series - Season 2 - Episode 1,https://www.youtube.com/watch?v=EjfO6RyCi_w
سریال ساخت ایران - فصل 3 - قسمت 4 | Sakhte Iran Series - Season 3 - Episode 4,https://www.youtube.com/watch?v=7aWaUBuCDWA
بیت کوین#shorts,https://www.youtube.com/watch?v=FLgFtBDho3Q
استاد ایسگامونو گرفتی؟#shorts,https://www.youtube.com/watch?v=Ylfq-dYAwLg
تو رو بزنم#shorts,https://www.youtube.com/watch?v=qKaCmiGUlaM
سریال مهمونی - فصل 2 - سکانس برتر قسمت 5 | Mehmoni Series - Season 2,https://www.youtube.com/watch?v=lPoV8PYp_D0
کته در مسیر آزمون رانندگی - سریال مهمونی - فصل 2,https://www.youtube.com/watch?v=iYFdTyLs7fI
دیکته گفتن روحی به بچه - سریال مهمونی - فصل 2,https://www.youtube.com/watch?v=ZXXlNApOvcw
به جسمتون هم نیست؟#shorts,https://www.youtube.com/watch?v=kAnUpYY0YK4
سریال نارگیل - قسمت 4 | Nargil Series - Episode 4,https://www.youtube.com/watch?v=8FlNMRom6l4
ما قلبامون سفیده#shorts,https://www.youtube.com/watch?v=kCiO-PPeUIQ
فیلم سینمایی تورقوزآباد - تیزر | Turquz Abad - Teaser,https://www.youtube.com/watch?v=v7veSNaHJOA
سریال نهنگ آبی - قسمت 7 | Nahange Abi Series - Episode 7,https://www.youtube.com/watch?v=aU2rw47tWQ0
خواهرتو اینا کشتن#shorts,https://www.youtube.com/watch?v=tCrsT7FciMU
سریال دیو و ماه پیشونی - تیزر قسمت 5 | Div o Mah Pishooni Series - Teaser Episode 5,https://www.youtube.com/watch?v=QOuzlPnSR_0
تونل وحشت#shorts,https://www.youtube.com/watch?v=A_4XuMmzX1s
شوی منتالیست - سکانس برتر قسمت 3 | Mentalist Show,https://www.youtube.com/watch?v=2mWco_ZMCyc
سریال تی ان تی - دومین سکانس برتر قسمت 2 | TNT Series,https://www.youtube.com/watch?v=5ukFNGC_Ggk
سریال تی ان تی - اولین سکانس برتر قسمت 2 | TNT Series,https://www.youtube.com/watch?v=Zuw1vk0t1JY
با پولش میرم تایلند#shorts,https://www.youtube.com/watch?v=6jYqru9sIXU
از ممد نیست از کلیده#shorts,https://www.youtube.com/watch?v=c6HN_POxfMY
سریال تی ان تی - تیزر قسمت 2 | TNT Series - Teaser Episode 2,https://www.youtube.com/watch?v=oRd8-GC4bpE
آقا جمشیدی#shorts,https://www.youtube.com/watch?v=P3C4AYC9nMM
سریال ارتش سری - فصل 3 - سکانس برتر قسمت 2 | Arteshe Serri Series - Season 3,https://www.youtube.com/watch?v=4_1vMz1o0OE
سریال زیرزمین - تیزر قسمت 3 | Zirzamin Series - Teaser Episode 3,https://www.youtube.com/watch?v=JMXLyhtgeAI
سریال زیرزمین - دومین سکانس برتر قسمت 3| Zirzamin Series,https://www.youtube.com/watch?v=hNqdZhNVMcw
سریال زیرزمین - اولین سکانس برتر قسمت 3 | Zirzamin Series,https://www.youtube.com/watch?v=T-idHXlSw3g
سریال شبهای مافیا 4 - فصل 5 - قسمت 2 | Shabhaye Mafia 4 Series - Season 5 - Episode 2,https://www.youtube.com/watch?v=P1nikrRnL28
عصبانیت حامد آهنگی#shorts,https://www.youtube.com/watch?v=6NcA-Otsej0
تردستی #shorts,https://www.youtube.com/watch?v=QKl8WZOzD6A
شوی منتالیست - تیزر قسمت 3 | Mentalist Show - Teaser Episode 3,https://www.youtube.com/watch?v=kydovVE7ckg
سریال نیسان آبی - فصل 1 - قسمت 17 | Neysan Abi Series - Season 1 - Episode 17,https://www.youtube.com/watch?v=_uWDCmzEqeY
داداشمه، برو قایم شو#shorts,https://www.youtube.com/watch?v=8JXtn8H00H0
سریال ساخت ایران - فصل 3 - قسمت 3 | Sakhte Iran Series - Season 3 - Episode 3,https://www.youtube.com/watch?v=495r0MqJpFA
تو خوبی بابا#shorts,https://www.youtube.com/watch?v=nbHtLo-28B0
ممیزی - فصل 3 - قسمت 15 | Momayezi - Season 3 - Episode 15,https://www.youtube.com/watch?v=HeBBM4frMc4
...جمع کنید برید همونجایی که اون رفاهو#shorts,https://www.youtube.com/watch?v=0rWUDNrjSow
شاتون بابا#shorts,https://www.youtube.com/watch?v=Mvld8Dhx4bo
سریال نارگیل - قسمت 3 | Nargil Series - Episode 3,https://www.youtube.com/watch?v=yJDYzvMEWyw
فیلم سینمایی تورقوزآباد - تیزر | Ture Ghouz Abad - Teaser,https://www.youtube.com/watch?v=N7nqwO2vWI8
نقشه مون دود شد#shorts,https://www.youtube.com/watch?v=lbHBMQ6C-3M
سریال مهمونی - فصل 2 - سومین سکانس برتر قسمت 4 | Mehmoni Series - Season 2,https://www.youtube.com/watch?v=d04a3dmK4gs
ماچو چطوری پس بدم؟#shorts,https://www.youtube.com/watch?v=odHli_qWU8M
سریال مهمونی - فصل 2 - دومین سکانس برتر قسمت 4 | Mehmoni Series - Season 2,https://www.youtube.com/watch?v=vdPC5IKxMCI
سریال مهمونی - فصل 2 - اولین سکانس برتر قسمت 4 | Mehmoni Series - Season 2,https://www.youtube.com/watch?v=QZg1Xfr3gHo
خداحافظی مجری حین برنامه#shorts,https://www.youtube.com/watch?v=p7SMhCsE_UI
سریال ویژه برنامه تی ان تی -  قسمت 1 | TNT Series,https://www.youtube.com/watch?v=ZvuIcW1FhAE
سریال ویژه برنامه تی ان تی -  قسمت 2 | TNT Series,https://www.youtube.com/watch?v=RSYiJx3-DMg
لباسامون ست بود گفتن ازدواج کردین#shorts,https://www.youtube.com/watch?v=dK2-aOSqky4
سریال نهنگ آبی - قسمت 6 | Nahange Abi Series - Episode 6,https://www.youtube.com/watch?v=wnU2H3HRtX4
همه آدما رو بازی میدی#shorts,https://www.youtube.com/watch?v=veCpBsPt6KI
این آقا رو ندیدین؟#shorts,https://www.youtube.com/watch?v=rsNFqGHhb7c
سریال دیو و ماه پیشونی - تیزر قسمت 4 | Div o Mah Pishooni Series - Teaser Episode 4,https://www.youtube.com/watch?v=mDkamyjjtnc
سریال مهمونی - فصل 2 - سومین سکانس برتر قسمت 3 | Mehmoni Series - Season 2,https://www.youtube.com/watch?v=zlYAVff3-EI
سریال مهمونی - فصل 2 - دومین سکانس برتر قسمت 3 | Mehmoni Series - Season 2,https://www.youtube.com/watch?v=YWbotM7OW-Y
سریال مهمونی - فصل 2 - اولین سکانس برتر قسمت 3 | Mehmoni Series - Season 2,https://www.youtube.com/watch?v=aLNiJ4uKBLM
فیت کته خانم با شاباش و دی جی#shorts,https://www.youtube.com/watch?v=Kg2BkDaFjWw
سریال ارتش سری - فصل 3 - سکانس برتر قسمت 1 | Arteshe Serri Series - Season 3,https://www.youtube.com/watch?v=CKVbWHdBOzw
من کاکتوس خرزهره هستم#shorts,https://www.youtube.com/watch?v=5lhPLHo3lms
سریال تی ان تی - دومین سکانس برتر قسمت 1 | TNT Series,https://www.youtube.com/watch?v=ouCIcc6p8s4
سریال تی ان تی - اولین سکانس برتر قسمت 1 | TNT Series,https://www.youtube.com/watch?v=ZXdh9tJ5Gcw
سریال تی ان تی - تیزر قسمت 1 | TNT Series - Teaser Episode 1,https://www.youtube.com/watch?v=y611vc58sAk
نخندین. ما داریم پاره می شیم. #shorts,https://www.youtube.com/watch?v=LyDiylDYIzI
سریال ارتش سری - فصل 3 - تیزر قسمت 1 | Arteshe Serri Series - Season 3 - Teaser,https://www.youtube.com/watch?v=BsfmH5UQ9CM
عصبانیت شدید بهنام تشکر #shorts,https://www.youtube.com/watch?v=MOaNjJ_DOJE
مستند شناسنامه - دومین سکانس برتر قسمت 2 l Shenasnameh Documentary,https://www.youtube.com/watch?v=6lSj2AmX8y0
مستند شناسنامه - اولین سکانس برتر قسمت 2 l Shenasnameh Documentary,https://www.youtube.com/watch?v=eNta4tz-4Fk
سریال زیرزمین - دومین سکانس برتر قسمت 2 | Zirzamin Series,https://www.youtube.com/watch?v=4SMcyisv2yE
سریال زیرزمین - اولین سکانس برتر قسمت 2 | Zirzamin Series,https://www.youtube.com/watch?v=hzPzLOPMNvw
سبزی، سبزی قورمه، سبزی، سبزی، سبزی #shorts,https://www.youtube.com/watch?v=1GxCVD258s8
سریال شبهای مافیا 4 - فصل 5 - قسمت 1 | Shabhaye Mafia 4 Series - Season 5 - Episode 1,https://www.youtube.com/watch?v=qYP04fqEBf8
کری خونی فینالیست ها#shorts,https://www.youtube.com/watch?v=EwEj0M68bbo
عروسک جادویی #shorts,https://www.youtube.com/watch?v=bN-r6Fzf1aE
شوی منتالیست - سکانس برتر قسمت 2 | Mentalist Show,https://www.youtube.com/watch?v=Ey82T3jnW3w
شوی منتالیست - قسمت 1 | Mentalist Show - Episode 1,https://www.youtube.com/watch?v=GcmUqF3AhhQ
پیتزا تیغ #shorts,https://www.youtube.com/watch?v=kgpGXbV8tbA
شوی منتالیست - تیزر قسمت 2 | Mentalist Show - Teaser Episode 2,https://www.youtube.com/watch?v=wChFbE_Osqg
سریال زیرزمین - تیزر قسمت 2 | Zirzamin Series - Teaser Episode 2,https://www.youtube.com/watch?v=5tmOE0cAlXE
مستند شناسنامه - تیزر قسمت 2 l Shenasnameh Documentary - Teaser Episode 2,https://www.youtube.com/watch?v=wv0Sl6NqQds
فیلم سینمایی بازیوو - تیزر | Bazivoo Movie - Teaser,https://www.youtube.com/watch?v=Yap5VL1dRyQ
خوردی#shorts,https://www.youtube.com/watch?v=tbQ2QBSo0V8
سریال نیسان آبی - فصل 1 - قسمت 16 | Neysan Abi Series - Season 1 - Episode 16,https://www.youtube.com/watch?v=wSWXX-qjr6A
انتقام با اره برقی#shorts,https://www.youtube.com/watch?v=mokxqynYnoU
سریال زیرزمین - سکانس برتر قسمت 1 | Zirzamin Series,https://www.youtube.com/watch?v=B8wSh5hHCsA
شبیه لاشخوری - سریال زیرزمین,https://www.youtube.com/watch?v=LISE_8mqtII
مستند شناسنامه - اولین سکانس برتر قسمت 1 l Shenasnameh Documentary,https://www.youtube.com/watch?v=IKps2Qne0VI
مستند شناسنامه - دومین سکانس برتر قسمت 1 l Shenasnameh Documentary,https://www.youtube.com/watch?v=-N6tMZgXqdw
سریال زیرزمین - تیزر قسمت 1 | Zirzamin Series - Teaser Episode 1,https://www.youtube.com/watch?v=BqXFMVpdzu8
سریال زیرزمین - تیزر | Zirzamin Series - Teaser,https://www.youtube.com/watch?v=FxE55HB_ZP0
قسمت آخر جیران هم اکنون در تلویکا #shorts,https://www.youtube.com/watch?v=M3DtViPMNPw
تیر تقدیر - سریال جیران,https://www.youtube.com/watch?v=4pYRZdIMOV0
سریال جیران - سکانس برتر قسمت 52 | Jeyran Series,https://www.youtube.com/watch?v=NH0SZfnJwes
سریال ساخت ایران - فصل 3 - قسمت 2 | Sakhte Iran Series - Season 3 - Episode 2,https://www.youtube.com/watch?v=oURrpWS4RIs
مادر مشتری ام بودش#shorts,https://www.youtube.com/watch?v=Xn43RzHamxE
ممیزی - فصل 3 - قسمت 14 | Momayezi - Season 3 - Episode 14,https://www.youtube.com/watch?v=LHTHSe-EWxs
چرا خم میشه می زنه؟#shorts,https://www.youtube.com/watch?v=Jc6kj52mxLQ
(سریال جیران - دومین تیزر قسمت 52 (قسمت آخر | Jeyran Series - Teaser Episode 52,https://www.youtube.com/watch?v=r9nyjUYmPiM
(سریال جیران - اولین تیزر قسمت 52 (قسمت آخر | Jeyran Series - Teaser Episode 52,https://www.youtube.com/watch?v=o-PW1OCIjWI
مستند شناسنامه - تیزر قسمت 1 l Shenasnameh Documentary - Teaser Episode 1,https://www.youtube.com/watch?v=rIZeyYfqQsE
سریال نارگیل - قسمت 2 | Nargil Series - Episode 2,https://www.youtube.com/watch?v=pFZliDtqd2Q
اون روی منو بالا آوردی#shorts,https://www.youtube.com/watch?v=SnodUQjTpEo
فیلم سینمایی شب طلایی - تیزر | Shab Talaei Movie - Teaser,https://www.youtube.com/watch?v=8Bh6YFpb1II
دوختن لب با نخ سوزن#shorts,https://www.youtube.com/watch?v=clxshu5yGPU
سریال ویژه برنامه تی ان تی - تیزر قسمت 1 و 2 | TNT Series - Teaser,https://www.youtube.com/watch?v=ChX0mUDHArA
سریال مهمونی - فصل 2 - دومین سکانس برتر قسمت 2 | Mehmoni Series - Season 2,https://www.youtube.com/watch?v=xdoRdZvjpxk
سریال مهمونی - فصل 2 - اولین سکانس برتر قسمت 2 | Mehmoni Series - Season 2,https://www.youtube.com/watch?v=VVm8iZAGK4s
ولم کن نیست اسمش رهایم کنه #shorts,https://www.youtube.com/watch?v=FoIUH8xHxNk
سریال مهمونی - فصل 2 - سومین سکانس برتر قسمت 2 | Mehmoni Series - Season 2,https://www.youtube.com/watch?v=8uqZCd5-nSc
سریال نهنگ آبی - قسمت 5 | Nahange Abi Series - Episode 5,https://www.youtube.com/watch?v=n3enOmk2uSY
تو هارد چی بود که نمیخواست من ببینم؟#shorts,https://www.youtube.com/watch?v=0viESIz2Ojc
معرفی انواع عرقیجات با حامد آهنگی - سریال ویژه برنامه تی ان تی,https://www.youtube.com/watch?v=BR4jX2Dju_E
سریال ویژه برنامه تی ان تی - سکانس برتر قسمت 2 | TNT Series,https://www.youtube.com/watch?v=ARROTdX8JuA
جدی جدی، جدی کار می کنم #shorts,https://www.youtube.com/watch?v=cwCIWK8ZvtE
سریال ویژه برنامه تی ان تی - تیزر قسمت 2 | TNT Series - Teaser Episode 2,https://www.youtube.com/watch?v=lMyedLkU1Ps
شوی منتالیست - تیزر قسمت 1 | Mentalist Show - Teaser Episode 1,https://www.youtube.com/watch?v=aGoJblYXF8U
شوی منتالیست - سکانس برتر قسمت 1 | Mentalist Show,https://www.youtube.com/watch?v=sNHH91g_ZWk
سریال مهمونی - فصل 2 - سومین سکانس برتر قسمت 1 | Mehmoni Series - Season 2,https://www.youtube.com/watch?v=fJ5POtTMd-c
سریال مهمونی - فصل 2 - دومین سکانس برتر قسمت 1 | Mehmoni Series - Season 2,https://www.youtube.com/watch?v=1NMn-g-SC_Y
سریال مهمونی - فصل 2 - اولین سکانس برتر قسمت 1 | Mehmoni Series - Season 2,https://www.youtube.com/watch?v=ea9BkTyNpnE
عیدی بچه به طهماسب#shorts,https://www.youtube.com/watch?v=yqi5sjMYm-4
اگر دیوی درو باز کن #shorts,https://www.youtube.com/watch?v=GDO5gv8wZKI
دو سوم دماغت رفته تو مجید - سریال ویژه برنامه تی ان تی,https://www.youtube.com/watch?v=Slepme7N7Yw
سریال ویژه برنامه تی ان تی - سکانس برتر قسمت 1 | TNT Series,https://www.youtube.com/watch?v=bC1bbKRHfw0
آقای ربیعی صبر ایوب رو خواستن#shorts,https://www.youtube.com/watch?v=UYiTsO63OOE
سریال ویژه برنامه تی ان تی - تیزر قسمت 1 | TNT Series - Teaser Episode 1,https://www.youtube.com/watch?v=_0S9K_CdjjA
همایون شجریان - موزیک ویدیو جیران | Homayoun Shajarian - Jeyran,https://www.youtube.com/watch?v=WJ_q6dMsHcs
سریال مهمونی - فصل 2 - تیزر | Mehmoni Series - Season 2 - Teaser,https://www.youtube.com/watch?v=IHoLFFObndI
سریال دیو و ماه پیشونی - تیزر قسمت 3 | Div o Mah Pishooni Series - Teaser Episode 3,https://www.youtube.com/watch?v=PXEVlreq_NY
اشاره ی مستقیم نمی کنم #shorts,https://www.youtube.com/watch?v=qer0Y2FDCiI
ایول به کله ت#shorts,https://www.youtube.com/watch?v=np72NIoqYEg
سریال ارتش سری - فصل 2 - سکانس برتر قسمت 3 | Arteshe Serri Series - Season 2,https://www.youtube.com/watch?v=CGTGWdom-C8
سریال ارتش سری - فصل 2 - تیزر قسمت 3 | Arteshe Serri Series - Season 2 - Teaser,https://www.youtube.com/watch?v=7D_uDkzRox4
سریال شبهای مافیا 4 - فصل 4 - قسمت 3 | Shabhaye Mafia 4 Series - Season 4 - Episode 3,https://www.youtube.com/watch?v=iU5HZWQ6qrI
تیم مافیا، قوی#shorts,https://www.youtube.com/watch?v=t_bVXQH9iM4
سریال نیسان آبی - فصل 1 - قسمت 15 | Neysan Abi Series - Season 1 - Episode 15,https://www.youtube.com/watch?v=MJPol0eDFXA
به من دست نزن#shorts,https://www.youtube.com/watch?v=Fvp8TrPyVGU
در طول تاریخ زن ها چه صفحاتی رقم زد که به اسم ما مردها نوشته شده #shorts,https://www.youtube.com/watch?v=mWXejZxJHcw
سریال جیران - سکانس برتر قسمت 51 | Jeyran Series,https://www.youtube.com/watch?v=uk0Ech-ys-s
دست دوستی - سریال جیران,https://www.youtube.com/watch?v=H6YMtPz14ug
ممیزی - فصل 3 - قسمت 13 | Momayezi - Season 3 - Episode 13,https://www.youtube.com/watch?v=peEW2-Eio5U
چرا وقتی می خونی صداتو عوض می کنی؟#shorts,https://www.youtube.com/watch?v=YT4rBLgHryU
سریال جیران - دومین تیزر قسمت 51 | Jeyran Series - Teaser Episode 51,https://www.youtube.com/watch?v=H-q6uL9xfos
سریال جیران - اولین تیزر قسمت 51 | Jeyran Series - Teaser Episode 51,https://www.youtube.com/watch?v=mWPjkDuKcSE
سریال جیران - آنچه گذشت قسمت 50 | Jeyran Series - Teaser,https://www.youtube.com/watch?v=erTanVAJHl0
سریال نارگیل - قسمت 1 | Nargil Series - Episode 1,https://www.youtube.com/watch?v=1YYVkFHb4eo
معجون تو اثر کرد#shorts,https://www.youtube.com/watch?v=2EQ3d783Jd8
فیلم سینمایی بام بالا - تیزر | Bam Bala Movie - Teaser,https://www.youtube.com/watch?v=Xx_GisUmohg
سریال نیمه شب - فصل 2 -  تیزر قسمت 17 | Nime Shab Series - Season 2 - Teaser Episode 17,https://www.youtube.com/watch?v=Q9JGL17vSok
سریال نهنگ آبی - قسمت 4 | Nahange Abi Series - Episode 4,https://www.youtube.com/watch?v=6VbYKZCx6Wc
استاد شما فرق دارین با بقیه#shorts,https://www.youtube.com/watch?v=yD3uhaOow2U
دیو مازندران#shorts,https://www.youtube.com/watch?v=y8VCQSYnTAY
سریال دیو و ماه پیشونی - اولین تیزر قسمت 2 | Div o Mah Pishooni Series - Teaser Episode 2,https://www.youtube.com/watch?v=ew7RzdHHUNQ
ببخشید روتون گیرم#shorts,https://www.youtube.com/watch?v=pN3EAvlcmPo
سریال جزیره - قسمت 14 (قسمت آخر) | Jazireh Series - Episode 14,https://www.youtube.com/watch?v=m-CSBrB9PCY
الان باهم دوستیم دیگه#shorts,https://www.youtube.com/watch?v=wlp8BArJ0SY
سریال ارتش سری - فصل 2 - سکانس برتر قسمت 2 | Arteshe Serri Series - Season 2,https://www.youtube.com/watch?v=AaUxpvCo2zc
سریال ارتش سری - فصل 2 - تیزر قسمت 2 | Arteshe Serri Series - Season 2 - Teaser,https://www.youtube.com/watch?v=Xa0fpNTxdNM
سریال جیران - دومین تیزر قسمت 50 | Jeyran Series - Teaser Episode 50,https://www.youtube.com/watch?v=5ChRBicUckk
سریال شبهای مافیا 4 - فصل 4 - قسمت 2 | Shabhaye Mafia 4 Series - Season 4 - Episode 2,https://www.youtube.com/watch?v=HB-ORS1Kqx0
بازی مرگ و زندگی#shorts,https://www.youtube.com/watch?v=KepHF-vwEug
آشتی تاجی با جیران#shorts,https://www.youtube.com/watch?v=gk1gG89MPNc
سریال نیسان آبی - فصل 1 - قسمت 14 | Neysan Abi Series - Season 1 - Episode 14,https://www.youtube.com/watch?v=AxrtHXZRQgo
قضیه ی خرمالوها#shorts,https://www.youtube.com/watch?v=2MdVGuP6CTw
بسه هر چی خفت کشیدیم ما زنان حرمسرا#shorts,https://www.youtube.com/watch?v=B4zrk2Nnn1Y
عزاداری ناصرالدین شاه - سریال جیران,https://www.youtube.com/watch?v=pFkbi9csbIk
سریال جیران - اولین سکانس برتر قسمت 50 | Jeyran Series,https://www.youtube.com/watch?v=p5KXolHNxH8
ممیزی - فصل 3 - قسمت 12 | Momayezi - Season 3 - Episode 12,https://www.youtube.com/watch?v=LLD3piqAJmA
امید به زندگی جوون ایرانی#shorts,https://www.youtube.com/watch?v=Vdf4Deo0p8c
سریال جیران - اولین تیزر قسمت 50 | Jeyran Series - Teaser Episode 50,https://www.youtube.com/watch?v=oOvdlBVuf9o
سریال دیو و ماه پیشونی - تیزر قسمت 1 | Div o Mah Pishooni Series - Teaser Episode 1,https://www.youtube.com/watch?v=8HgV9Z1GjoI
سریال نهنگ آبی - قسمت 3 | Nahange Abi Series - Episode 3,https://www.youtube.com/watch?v=P2xHh5dAVYQ
اون زنی که باهاشی،شوهر داره#shorts,https://www.youtube.com/watch?v=As3i_ZP-TEs
فیلم سینمایی تی تی - تیزر 1 | Titi Movie - Teaser 1,https://www.youtube.com/watch?v=wZMqOy8YqEM
حسن کچل#shorts,https://www.youtube.com/watch?v=idyZhNHnDbw
سریال نیمه شب - فصل 2 -  تیزر قسمت 15 | Nime Shab Series - Season 2 - Teaser Episode 15,https://www.youtube.com/watch?v=lHXBW4MrX4c
فیلم سینمایی علف زار - چهارمین تیزر | Alafzar Movie - Teaser,https://www.youtube.com/watch?v=BXx0CWB6g6k
سریال جزیره - قسمت 13 | Jazireh Series - Episode 13,https://www.youtube.com/watch?v=KicIs1PhzDc
شیطون نره زیر جلدت#shorts,https://www.youtube.com/watch?v=uNxX_4efsUE
اصلا اشتباه یا غلط#shorts,https://www.youtube.com/watch?v=nOaF868afOo
سریال ارتش سری - فصل 2 - تیزر قسمت 1 | Arteshe Serri Series - Season 2 - Teaser,https://www.youtube.com/watch?v=VrY7mHxu1u0
سریال ارتش سری - فصل 2 - سکانس برتر قسمت 1 | Arteshe Serri Series - Season 2,https://www.youtube.com/watch?v=qz1f_Pnvp9g
سریال شبهای مافیا 4 - فصل 4 - قسمت 1 | Shabhaye Mafia 4 Series - Season 4 - Episode 1,https://www.youtube.com/watch?v=hovUHotZu2Q
عصبانیت ایمان صفا#shorts,https://www.youtube.com/watch?v=WPT92pdp_t8
رقص جمشید قاسم پور#shorts,https://www.youtube.com/watch?v=YLRI1PmAuUQ
سریال نیسان آبی - فصل 1 - قسمت 13 | Neysan Abi Series - Season 1 - Episode 13,https://www.youtube.com/watch?v=KuD_gLfFMoE
سریال جیران - دومین سکانس برتر قسمت 49 | Jeyran Series,https://www.youtube.com/watch?v=yzRT5Eh1fas
سریال جیران - اولین سکانس برتر قسمت 49 | Jeyran Series,https://www.youtube.com/watch?v=UysOxixJq3A
چشم بندی خواجه با شاهزاده #shorts,https://www.youtube.com/watch?v=-meJz1MZyVA
سریال جیران - دومین تیزر قسمت 49 | Jeyran Series - Teaser Episode 49,https://www.youtube.com/watch?v=cxZbcmUK-hs
سریال جیران - اولین تیزر قسمت 49 | Jeyran Series - Teaser Episode 49,https://www.youtube.com/watch?v=J36VHxeOkOI
ممیزی - فصل 3 - قسمت 11 | Momayezi - Season 3 - Episode 11,https://www.youtube.com/watch?v=1R7a8fINxMM
شاهکار اخراجی ها#shorts,https://www.youtube.com/watch?v=xSotpeulXf8
سریال سقوط - اولین سکانس برتر قسمت 9 | Soghoot Series,https://www.youtube.com/watch?v=-WmdGJqlXuo
سریال سقوط - دومین سکانس برتر قسمت 9 | Soghoot Series,https://www.youtube.com/watch?v=zvA8iFcQPWA
سریال سقوط - تیزر قسمت 9 | Soghoot Series - Teaser Episode 9,https://www.youtube.com/watch?v=cnp_001rrIk
قسمت آخر سقوط هم اکنون در تلویکا#shorts,https://www.youtube.com/watch?v=OEG-j5r-HGo
سریال نهنگ آبی - قسمت 2 | Nahange Abi Series - Episode 2,https://www.youtube.com/watch?v=gocsJOGWLmk
دارن دورت می زنن#shorts,https://www.youtube.com/watch?v=b3TvYerX2yg
احساسی شدم#shorts,https://www.youtube.com/watch?v=CxEeFBGEFZk
سریال ارتش سری - فصل 1 - سکانس برتر قسمت 3 | Arteshe Serri Series - Season 1,https://www.youtube.com/watch?v=DobsOjsvRX8
سریال جزیره - قسمت 12 | Jazireh Series - Episode 12,https://www.youtube.com/watch?v=2yceBiazXk4
با شوهرم همکاری کن#shorts,https://www.youtube.com/watch?v=_3TCRZxHOv0
سریال ارتش سری - فصل 1 - تیزر قسمت 3 | Arteshe Serri Series - Season 1 - Teaser Episode 3,https://www.youtube.com/watch?v=uhy5cDBtkNA
سریال سقوط - آنچه گذشت قسمت 1 تا 8 | Soghoot Series - Teaser,https://www.youtube.com/watch?v=HNM8CVhXwnQ
به کی دست میدی؟#shorts,https://www.youtube.com/watch?v=CUWmVAd-ghI
سریال شبهای مافیا 4 - فصل 3 - قسمت 3 | Shabhaye Mafia 4 Series - Season 3 - Episode 3,https://www.youtube.com/watch?v=dSoAtjwa8a8
سریال نیسان آبی - فصل 1 - قسمت 12 | Neysan Abi Series - Season 1 - Episode 12,https://www.youtube.com/watch?v=a-i_yMku5dc
یه دست زدم برگشتم#shorts,https://www.youtube.com/watch?v=X3biO2fgjtw
سریال جیران - سکانس برتر قسمت 48 | Jeyran Series,https://www.youtube.com/watch?v=Wb0_bnpbWeU
برخورد سیاوش با ناصرالدین شاه - سریال جیران,https://www.youtube.com/watch?v=sXXzkCbset8
ممیزی - فصل 3 - قسمت 10 | Momayezi - Season 3 - Episode 10,https://www.youtube.com/watch?v=rfZH8OtY8nM
بیا بنویسیم#shorts,https://www.youtube.com/watch?v=lTNW3W9e_Zc
سریال جیران - اولین تیزر قسمت 48 | Jeyran Series - Teaser Episode 48,https://www.youtube.com/watch?v=MvCPVg4LiBU
سریال جیران - دومین تیزر قسمت 48 | Jeyran Series - Teaser Episode 48,https://www.youtube.com/watch?v=6vlypphTNm0
این آقا رو میشناسی؟#shorts,https://www.youtube.com/watch?v=xosmCLLnydE
سریال نیمه شب - فصل 2 -  تیزر قسمت 14 | Nime Shab Series - Season 2 - Teaser Episode 14,https://www.youtube.com/watch?v=69WNFkNbK9s
سریال سقوط - دومین سکانس برتر قسمت 8 | Soghoot Series,https://www.youtube.com/watch?v=UJTnCmQL-A0
سریال سقوط - اولین سکانس برتر قسمت 8 | Soghoot Series,https://www.youtube.com/watch?v=TbmPuwF6CW4
چقدر سیخ حرف میزنی#shorts,https://www.youtube.com/watch?v=sJDu9JL1lK8
سریال سقوط - تیزر قسمت 8 | Soghoot Series - Teaser Episode 8,https://www.youtube.com/watch?v=Oa7LtzDjIOs
سریال نهنگ آبی - قسمت 1 | Nahange Abi Series - Episode 1,https://www.youtube.com/watch?v=-MY7K3nL9uM
عاشق نیستی، عذاب وجدان داری#shorts,https://www.youtube.com/watch?v=jkdhQpKsE2U
سریال جزیره - قسمت 11 | Jazireh Series - Episode 11,https://www.youtube.com/watch?v=GlAT8Y-NwN4
سیلوستر راستاد#shorts,https://www.youtube.com/watch?v=sG7rm82U8a8
سریال ارتش سری - فصل 1 - سکانس برتر قسمت 2 | Arteshe Serri Series - Season 1,https://www.youtube.com/watch?v=rM3qC18COug
سریال ارتش سری - فصل 1 - تیزر قسمت 2 | Arteshe Serri Series - Season 1 - Teaser Episode 2,https://www.youtube.com/watch?v=OItLi0y-1U4
سریال شبهای مافیا 4 - فصل 3 - قسمت 2 | Shabhaye Mafia 4 Series - Season 3 - Episode 2,https://www.youtube.com/watch?v=g-x1YEZaJNU
ذهن زیبای شهردار#shorts,https://www.youtube.com/watch?v=tTfTup6lw1U
سریال نیسان آبی - فصل 1 - قسمت 11 | Neysan Abi Series - Season 1 - Episode 11,https://www.youtube.com/watch?v=JoyfTCb_2O8
دروغ تابلو#shorts,https://www.youtube.com/watch?v=CopWEktftOc
باطل کنم صیغمون رو #shorts,https://www.youtube.com/watch?v=OzbZHve_gtk
با بند بند وجودم قول میدم - سریال جیران,https://www.youtube.com/watch?v=NCY-TNsMh3Q
سریال جیران - سکانس برتر قسمت 47 | Jeyran Series,https://www.youtube.com/watch?v=CzkCep139IE
الان وقتشه#shorts,https://www.youtube.com/watch?v=suZ3fooiZS0
سریال رهایم کن - سیبیلی رو که نتونم چرب کنم از ته می تراشم | Rahayam Kon Series,https://www.youtube.com/watch?v=LW81lLFUljg
سریال رهایم کن - اولین سکانس برتر قسمت 1 | Rahayam Kon Series,https://www.youtube.com/watch?v=hNRUI8Yrmac
سریال جیران - دومین تیزر قسمت 47 | Jeyran Series - Teaser Episode 47,https://www.youtube.com/watch?v=WimE_oofmEU
سریال جیران - اولین تیزر قسمت 47 | Jeyran Series - Teaser Episode 47,https://www.youtube.com/watch?v=ZeSL4qmtGFc
ممیزی - فصل 3 - قسمت 9 | Momayezi - Season 3 - Episode 9,https://www.youtube.com/watch?v=p5Ggsb1jeHM
ایران، ای سرای امید#shorts,https://www.youtube.com/watch?v=iutbayc5SBo
"هر کسی یا روز میمیرد یا شب، من شبانه روز- تیزر | Harkas Ya Shab Mimirad Ya Ruz, Man Shabane Ruz",https://www.youtube.com/watch?v=CrtRHg3ueew
سریال نیمه شب - فصل 2 -  تیزر قسمت 13 | Nime Shab Series - Season 2 - Teaser Episode 13,https://www.youtube.com/watch?v=Yd9P1y8qXYA
مگه من پارتیزانم؟#shorts,https://www.youtube.com/watch?v=_Z0D6459MrI
سریال سقوط - دومین سکانس برتر قسمت 7 | Soghoot Series,https://www.youtube.com/watch?v=E9WPlKYHcIs
سریال سقوط - اولین سکانس برتر قسمت 7 | Soghoot Series,https://www.youtube.com/watch?v=Fs-bAaDXd-8
سریال سقوط - تیزر قسمت 7 | Soghoot Series - Teaser Episode 7,https://www.youtube.com/watch?v=gLAEi0jG-ws
تو کی قاطی ما شدی؟#shorts,https://www.youtube.com/watch?v=G5F9ZOUcCok
سریال ارتش سری - فصل 1 - تیزر قسمت 1 | Arteshe Serri Series - Season 1 - Teaser Episode 1,https://www.youtube.com/watch?v=Qdxoc244N1A
سریال ارتش سری - فصل 1 - سکانس برتر قسمت 1 | Arteshe Serri Series - Season 1,https://www.youtube.com/watch?v=kCKZUcyCnZ4
سریال جزیره - قسمت 10 | Jazireh Series - Episode 10,https://www.youtube.com/watch?v=Z0SeQKjxHhY
رییس کیه؟#shorts,https://www.youtube.com/watch?v=O0l9m3cDdxU
فیلم سینمایی سلفی با دموکراسی - تیزر | Selfie Ba Democracy Movie - Teaser,https://www.youtube.com/watch?v=xeREXDpOsdc
سریال شبهای مافیا 4 - فصل 3 - قسمت 1 | Shabhaye Mafia 4 Series - Season 3 - Episode 1,https://www.youtube.com/watch?v=HIRvlpIUZLQ
شهروند تبر#shorts,https://www.youtube.com/watch?v=K09rGIqMDjc
سریال نیسان آبی - فصل 1 - قسمت 10 | Neysan Abi Series - Season 1 - Episode 10,https://www.youtube.com/watch?v=Q_mPhx3NReM
شبیه سوفیا لورنی#shorts,https://www.youtube.com/watch?v=80VNXWD1h28
خلوت ناصرالدین شاه و جیران#shorts,https://www.youtube.com/watch?v=bcM1jCLlr6s
سریال جیران - دومین سکانس برتر قسمت 46 | Jeyran Series,https://www.youtube.com/watch?v=wUdwB3n9AS0
سریال جیران - اولین سکانس برتر قسمت 46 | Jeyran Series,https://www.youtube.com/watch?v=ukCrTY53mrg
فیلم سینمایی برای مرجان - تیزر | Baraye Marjan Movie - Teaser,https://www.youtube.com/watch?v=EYkxGm4rOGE
ممیزی - فصل 3 - قسمت 8 | Momayezi - Season 3 - Episode 8,https://www.youtube.com/watch?v=QteydUAUhes
گر چوب تو آستینم کنی#shorts,https://www.youtube.com/watch?v=wu5WqagvR_w
سریال سقوط - تیزر قسمت 6 | Soghoot Series - Teaser Episode 6,https://www.youtube.com/watch?v=tPtvJ-W5T2I
سریال جیران - دومین تیزر قسمت 46 | Jeyran Series - Teaser Episode 46,https://www.youtube.com/watch?v=9vm8DvzdCoc
سریال جیران - اولین تیزر قسمت 46 | Jeyran Series - Teaser Episode 46,https://www.youtube.com/watch?v=7yJOZDRgP8g
نقشه ت لو رفت#shorts,https://www.youtube.com/watch?v=9K2xDnHrabU
سریال سقوط - اولین سکانس برتر قسمت 6 | Soghoot Series,https://www.youtube.com/watch?v=kMd1AdMQGRw
سریال سقوط - دومین سکانس برتر قسمت 6 | Soghoot Series,https://www.youtube.com/watch?v=KcH8LcqG0ZM
صدامو نمیارم پایین#shorts,https://www.youtube.com/watch?v=61mEfN3R2pg
سریال جزیره - قسمت 9 | Jazireh Series - Episode 9,https://www.youtube.com/watch?v=sD4VFtmc0zY
سریال شبهای مافیا 4 - فصل 2 - قسمت 3 | Shabhaye Mafia 4 Series - Season 2 - Episode 3,https://www.youtube.com/watch?v=8hYf6dxB7Ng
این شب رو چند بار ببینید#shorts,https://www.youtube.com/watch?v=gDKAiKDTszg
سریال نیسان آبی - فصل 1 - قسمت 9 | Neysan Abi Series - Season 1 - Episode 9,https://www.youtube.com/watch?v=NcJkMetq61g
پاچه گرفت؟! #shorts,https://www.youtube.com/watch?v=0q8dZnSZjVo
سریال جیران - سکانس برتر قسمت 45 | Jeyran Series,https://www.youtube.com/watch?v=H_rCvDeLE6U
میخوام زیر سایه پدرش باشه - سریال جیران,https://www.youtube.com/watch?v=sWsbPBSMpow
اگه نکشید بالا چی؟#shorts,https://www.youtube.com/watch?v=RJkw3dB5wxk
چند میگیری بخندی؟#shorts,https://www.youtube.com/watch?v=ePJh4YJO-T8
فیلم سینمایی چند میگیری گریه کنی 2 - تیزر | Chand Migiri Geryeh Koni 2 Movie - Teaser,https://www.youtube.com/watch?v=H7VR4euF6ac
سریال جیران - دومین تیزر قسمت 45 | Jeyran Series - Teaser Episode 45,https://www.youtube.com/watch?v=AA8rsGlRos4
سریال جیران - اولین تیزر قسمت 45 | Jeyran Series - Teaser Episode 45,https://www.youtube.com/watch?v=rbLB03KX6iI
ممیزی - فصل 3 - قسمت 7 | Momayezi - Season 3 - Episode 7,https://www.youtube.com/watch?v=ftVDimUWbkU
درد تو صداتون مشهوده#shorts,https://www.youtube.com/watch?v=rjxY27NQdIQ
فیلم سینمایی علف زار - سومین تیزر | Alafzar Movie - Teaser,https://www.youtube.com/watch?v=ZaA4vJjRdvg
سریال سقوط - قسمت 1 | Soghoot Series - Episode 1,https://www.youtube.com/watch?v=e7LD_tjtQqE
اشتباه اومدی داداش#shorts,https://www.youtube.com/watch?v=RhlN2J7sCwg
سریال سقوط - سکانس برتر قسمت 5 | Soghoot Series,https://www.youtube.com/watch?v=SQJ0CKaFlyY
ماشینشو بگردین - سریال سقوط,https://www.youtube.com/watch?v=jDK2fy394gA
سریال سقوط - تیزر قسمت 5 | Soghoot Series - Teaser Episode 5,https://www.youtube.com/watch?v=ZuGhQVqvGMo
علیرضا قربانی - موزیک ویدیو بی گناه | Alireza Ghorbani - Bi Gonah,https://www.youtube.com/watch?v=JnGcrnT7pEY
فیلم سینمایی انفرادی - دومین تیزر | Enferadi Movie - Teaser,https://www.youtube.com/watch?v=6KdhbJPM-8g
چنگال خونین#shorts,https://www.youtube.com/watch?v=mFJYHG31dLI
سریال جزیره - قسمت 8 | Jazireh Series - Episode 8,https://www.youtube.com/watch?v=rXcCffKDGko
چرا نمیرید بیرون؟#shorts,https://www.youtube.com/watch?v=GuOwA99FsqQ
سریال بی گناه - تیزر قسمت 23 | Bigonah Series - Teaser Episode 23,https://www.youtube.com/watch?v=IFjsfAKqTUs
همه ی عمرم منتظر تو بودم - سریال بی گناه,https://www.youtube.com/watch?v=B8VSL0eGrAU
سریال بی گناه - اولین سکانس برتر قسمت 23 | Bigonah Series,https://www.youtube.com/watch?v=NFBvbdqXAsM
سریال نیمه شب - فصل 2 -  تیزر قسمت 11 | Nime Shab Series - Season 2 - Teaser Episode 11,https://www.youtube.com/watch?v=kKsHkYBVgC4
سریال شبهای مافیا 4 - فصل 2 - قسمت 2 | Shabhaye Mafia 4 Series - Season 2 - Episode 2,https://www.youtube.com/watch?v=HWsgttdnvA4
کارگاه یا کاره گاه یا کارآگاه#shorts,https://www.youtube.com/watch?v=Ndn8lXPqsXo
سریال بی گناه - آنچه گذشت قسمت 22 | Bigonah Series - Teaser,https://www.youtube.com/watch?v=cLBVI9OKYzM
سریال نیسان آبی - فصل 1 - قسمت 8 | Neysan Abi Series - Season 1 - Episode 8,https://www.youtube.com/watch?v=l1G-Qph5k0o
مدیر مدرسه اومده خواستگاری#shorts,https://www.youtube.com/watch?v=9OeWGd73LAM
فیلم سینمایی انفرادی - اولین تیزر | Enferadi Movie - Teaser,https://www.youtube.com/watch?v=ZRuaR4CVcF4
بی آبرویی مظفرالدین شاه#shorts,https://www.youtube.com/watch?v=tErNAWPc3Ds
سارا و سیاوش - سریال جیران,https://www.youtube.com/watch?v=l90E-PWCZyw
سریال جیران - سکانس برتر قسمت 44 | Jeyran Series,https://www.youtube.com/watch?v=2gZ-7jZcM5U
سریال جیران - اولین تیزر قسمت 44 | Jeyran Series - Teaser Episode 44,https://www.youtube.com/watch?v=6y68Lw0hbhc
سریال جیران - دومین تیزر قسمت 44 | Jeyran Series - Teaser Episode 44,https://www.youtube.com/watch?v=QdMvaKmqEwc
ممیزی - فصل 3 - قسمت 6 | Momayezi - Season 3 - Episode 6,https://www.youtube.com/watch?v=zbEVKu8vmlU
باید کت کشی مدیرا رو بکنی#shorts,https://www.youtube.com/watch?v=P2ofsCjfHaY
این حیوان باید دیگه چیکار کنه؟#shorts,https://www.youtube.com/watch?v=mk6Y2V5KHoo
سریال سقوط - دومین سکانس برتر قسمت 4 | Soghoot Series,https://www.youtube.com/watch?v=krMwbSw1GGg
سریال سقوط - اولین سکانس برتر قسمت 4 | Soghoot Series,https://www.youtube.com/watch?v=WpTd_-SulRc
سریال مستند جوکر - قسمت 3 | Joker Series - Documentary - Episode 3,https://www.youtube.com/watch?v=cOZcEvLjuUE
نگفت ببوسش#shorts,https://www.youtube.com/watch?v=O50HrXh2mOA
سریال سقوط - تیزر قسمت 4 | Soghoot Series - Teaser Episode 4,https://www.youtube.com/watch?v=bIXFKs4HoEA
سریال سقوط - آنچه گذشت قسمت 3 | Soghoot Series - Teaser,https://www.youtube.com/watch?v=2_KLVLmm5QA
سریال جزیره - قسمت 7 | Jazireh Series - Episode 7,https://www.youtube.com/watch?v=XfekoYqNvio
دختر منه یا نه؟#shorts,https://www.youtube.com/watch?v=i0QY2Bsg3vM
سریال بی گناه - اولین سکانس برتر قسمت 22 | Bigonah Series,https://www.youtube.com/watch?v=mPhJd3eaQrY
سریال بی گناه - دومین سکانس برتر قسمت 22 | Bigonah Series,https://www.youtube.com/watch?v=vjOHIL5AIYk
اومدم رازی رو بگم که باید سال ها پیش می گفتم#shorts,https://www.youtube.com/watch?v=ABkRqwYp_eE
سریال بی گناه - تیزر قسمت 22 | Bigonah Series - Teaser Episode 22,https://www.youtube.com/watch?v=pQfsc_FKQ5A
سریال مستند جوکر - قسمت 2 | Joker Series - Documentary - Episode 2,https://www.youtube.com/watch?v=ZNUxLk_YzF8
برای اولین بار آدم باش#shorts,https://www.youtube.com/watch?v=OXJKAATXqgc
سریال نیسان آبی - فصل 1 - قسمت 7 | Neysan Abi Series - Season 1 - Episode 7,https://www.youtube.com/watch?v=r3XZkE6tWyE
پاهاش واسه من#shorts,https://www.youtube.com/watch?v=1sW3peuA-Zs
عشق ملوکانه#shorts,https://www.youtube.com/watch?v=-eR0HKR7M2E
این خاک عادت به خون داره - سریال جیران,https://www.youtube.com/watch?v=3ZF4GHG9BDE
سریال جیران - سکانس برتر قسمت 43 | Jeyran Series,https://www.youtube.com/watch?v=iWpt0yEXJxU
سریال جیران - دومین تیزر قسمت 43 | Jeyran Series - Teaser Episode 43,https://www.youtube.com/watch?v=9v7Vj5Fxsrw
سریال جیران - اولین تیزر قسمت 43 | Jeyran Series - Teaser Episode 43,https://www.youtube.com/watch?v=93Lqi6GA1Ls
فیلم سینمایی علف زار - دومین تیزر | Alafzar Movie - Teaser,https://www.youtube.com/watch?v=X0NgN-bEhD4
ممیزی - فصل 3 - قسمت 5 | Momayezi - Season 3 - Episode 5,https://www.youtube.com/watch?v=w9u0jXZcYT0
اینجاش میره قسمت بعد#shorts,https://www.youtube.com/watch?v=Dx7E9dw9RMs
فیلم سینمایی علف زار - تیزر | Alafzar Movie - Teaser,https://www.youtube.com/watch?v=mmdivZcyzyA
تو رو خدا نجاتم بدید#shorts,https://www.youtube.com/watch?v=vXAUyTCEnqY
سریال سقوط - اولین سکانس برتر قسمت 3 | Soghoot Series,https://www.youtube.com/watch?v=5WZwkn-DNOc
سریال سقوط - دومین سکانس برتر قسمت 3 | Soghoot Series,https://www.youtube.com/watch?v=rQgLBnIG65U
سریال مستند جوکر - قسمت 1 | Joker Series - Documentary - Episode 1,https://www.youtube.com/watch?v=ZPTH2t6d75c
ژاله ژوله ای#shorts,https://www.youtube.com/watch?v=LrePT3q_4y4
سریال سقوط - تیزر قسمت 3 | Soghoot Series - Teaser Episode 3,https://www.youtube.com/watch?v=QQvlF-_vkwA
سریال سقوط - آنچه گذشت قسمت 2 | Soghoot Series - Teaser,https://www.youtube.com/watch?v=vC6nzQxqhcM
سریال روزی روزگاری مریخ - سکانس برتر قسمت 26 | Roozi Roozegari Merikh Series,https://www.youtube.com/watch?v=IupHsUqoNl0
سریال روزی روزگاری مریخ - تیزر قسمت 26 | Roozi Roozegari Merikh Series - Teaser Episode 26,https://www.youtube.com/watch?v=9Bv1ajd0cFs
سریال جزیره - قسمت 6 | Jazireh Series - Episode 6,https://www.youtube.com/watch?v=1Odowbpbf8E
همه زورتو بزن#shorts,https://www.youtube.com/watch?v=v3lBJsNZRh8
سریال بی گناه - تیزر قسمت 21 | Bigonah Series - Teaser Episode 21,https://www.youtube.com/watch?v=laife6McxGI
مامان یهو خالی کرد#shorts,https://www.youtube.com/watch?v=gQSLsH-SFTU
سریال بی گناه - دومین سکانس برتر قسمت 21 | Bigonah Series,https://www.youtube.com/watch?v=eYdQH-o_Ulo
سریال بی گناه - اولین سکانس برتر قسمت 21 | Bigonah Series,https://www.youtube.com/watch?v=FWt0dQVTSPA
سریال جوکر - فصل 7 - قسمت 5 | Joker Series - Season 7 - Episode 5,https://www.youtube.com/watch?v=jbc9_aXEBwE
آهنگی vs حیایی#shorts,https://www.youtube.com/watch?v=41k1Q6STr5U
سریال نیسان آبی - فصل 1 - قسمت 6 | Neysan Abi Series - Season 1 - Episode 6,https://www.youtube.com/watch?v=bpaJSMESrLs
زودپزتو قرض می دی؟#shorts,https://www.youtube.com/watch?v=xCF2UvQAO78
چی شده عزیزترین ناصر#shorts,https://www.youtube.com/watch?v=MXnt1V3lRcM
سریال جیران - سکانس برتر قسمت 42 | Jeyran Series,https://www.youtube.com/watch?v=2CcDXfeKltI
شاه قاتل نیست - سریال جیران,https://www.youtube.com/watch?v=lHNVK2I6qrA
سریال جیران - دومین تیزر قسمت 42 | Jeyran Series - Teaser Episode 42,https://www.youtube.com/watch?v=ZIxsVbEib6A
سریال جیران - اولین تیزر قسمت 42 | Jeyran Series - Teaser Episode 42,https://www.youtube.com/watch?v=wtiDjirYJrc
ممیزی - فصل 3 - قسمت 4 | Momayezi - Season 3 - Episode 4,https://www.youtube.com/watch?v=gCHAmHAgEjs
چرا دیشب در سر شوری نداشتی؟#shorts,https://www.youtube.com/watch?v=7_Th5zvQB5A
سریال سقوط قسمت دوم#shorts,https://www.youtube.com/watch?v=GsICJ-nA9GA
سریال سقوط - دومین سکانس برتر قسمت 2 | Soghoot Series,https://www.youtube.com/watch?v=J5M1eI8gKdA
سریال سقوط - اولین سکانس برتر قسمت 2 | Soghoot Series,https://www.youtube.com/watch?v=QAwbD_xY8rw
سریال سقوط - تیزر قسمت 2 | Soghoot Series - Teaser Episode 2,https://www.youtube.com/watch?v=LTo6lKzD4wY
سریال جوکر - فصل 7 - قسمت 4 | Joker Series - Season 7 - Episode 4,https://www.youtube.com/watch?v=1IUpSsYKd2g
قوقولی قوقول اکبر عبدی#shorts,https://www.youtube.com/watch?v=YX6_Uveh30E
سریال روزی روزگاری مریخ - سکانس برتر قسمت 25 | Roozi Roozegari Merikh Series,https://www.youtube.com/watch?v=R9eveTL8hrM
سریال روزی روزگاری مریخ - تیزر قسمت 25 | Roozi Roozegari Merikh Series - Teaser Episode 25,https://www.youtube.com/watch?v=pKego9tF1Os
سریال جزیره - قسمت 5 | Jazireh Series - Episode 5,https://www.youtube.com/watch?v=7v_9SdNu6uY
اینو بزن که پست شه#shorts,https://www.youtube.com/watch?v=bt1nZX1FHOk
با عرض معذرت اصلا به تو ربطی نداره#shorts,https://www.youtube.com/watch?v=gCdswwc5w2o
می خوام بدونم پدرم کیه - سریال بی گناه,https://www.youtube.com/watch?v=7316QkD-lB8
سریال بی گناه - سکانس برتر قسمت 20 | Bigonah Series,https://www.youtube.com/watch?v=ZMGFf1Q_6Dk
سریال جوکر - فصل 7 - قسمت 3 | Joker Series - Season 7 - Episode 3,https://www.youtube.com/watch?v=0PDB9PJUfPo
سریال بی گناه - تیزر قسمت 20 | Bigonah Series - Teaser Episode 20,https://www.youtube.com/watch?v=JuUS8KZaldo
موزیک ندیده ها #shorts,https://www.youtube.com/watch?v=cvCi2JtjHlI
سریال بی گناه - آنچه گذشت قسمت 19 | Bigonah Series - Teaser,https://www.youtube.com/watch?v=VQYrQ4FivRY
سریال سقوط - تیزر قسمت 1 | Soghoot Series - Teaser Episode 1,https://www.youtube.com/watch?v=FyX_kTl0kxI
مگه تاناکورا بده؟#shorts,https://www.youtube.com/watch?v=53VG-DViCkE
سریال سقوط - دومین سکانس برتر قسمت 1 | Soghoot Series,https://www.youtube.com/watch?v=CDCOBIRWluQ
سریال سقوط - اولین سکانس برتر قسمت 1 | Soghoot Series,https://www.youtube.com/watch?v=fHGK4knt8qs
سریال نیسان آبی - فصل 1 - قسمت 5 | Neysan Abi Series - Season 1 - Episode 5,https://www.youtube.com/watch?v=lr4zhcZDSQo
واقعا راحت باشم؟#shorts,https://www.youtube.com/watch?v=udEKsGkn9tQ
سیل در گوشه ویرانه نگیرد آرام#shorts,https://www.youtube.com/watch?v=7EnPXsSSrIw
سریال جیران - سکانس برتر قسمت 41 | Jeyran Series,https://www.youtube.com/watch?v=Wp9hHuwQ8I0
موضوع این مجلس خون بچه های ماست - سریال جیران,https://www.youtube.com/watch?v=62L3Pmo0b2w
ممیزی - فصل 3 - قسمت 3 | Momayezi - Season 3 - Episode 3,https://www.youtube.com/watch?v=ot20biBveeY
نسترن یا مش حسن#shorts,https://www.youtube.com/watch?v=bRTHVtWYMO8
سریال جیران - اولین تیزر قسمت 41 | Jeyran Series - Teaser Episode 41,https://www.youtube.com/watch?v=THh5AP013FY
سریال جیران - دومین تیزر قسمت 41 | Jeyran Series - Teaser Episode 41,https://www.youtube.com/watch?v=JCxTk0v6Pog
سریال نیمه شب - فصل 1 - قسمت 30 (قسمت آخر) | Nime Shab Series - Season 1 - Episode 30,https://www.youtube.com/watch?v=1SyIA46D9ds
سریال نیمه شب فصل اول قسمت سی ام#shorts,https://www.youtube.com/watch?v=_cofpZv48L0
سریال جوکر - فصل 7 - قسمت 2 | Joker Series - Season 7 - Episode 2,https://www.youtube.com/watch?v=XUe2ODpNNNs
آهنگی، باخ می نوازد#shorts,https://www.youtube.com/watch?v=-q5BiohbILs
سریال روزی روزگاری مریخ - تیزر قسمت 24 | Roozi Roozegari Merikh Series - Teaser Episode 24,https://www.youtube.com/watch?v=1NidFZqDCcw
سریال روزی روزگاری مریخ - سکانس برتر قسمت 24 | Roozi Roozegari Merikh Series,https://www.youtube.com/watch?v=6msXwV-KF0c
سریال بی گناه - آنچه گذشت قسمت 18 | Bigonah Series - Teaser,https://www.youtube.com/watch?v=LQJ-TLudzug
سریال نیمه شب - فصل 1 - قسمت 29 | Nime Shab Series - Season 1 - Episode 29,https://www.youtube.com/watch?v=vnDKZLkje0c
سریال نیمه شب فصل اول قسمت بیست و نهم#shorts,https://www.youtube.com/watch?v=f2LfOhvJIeg
سریال جزیره - قسمت 4 | Jazireh Series - Episode 4,https://www.youtube.com/watch?v=N9AgftV_-LY
حس می کنم نگاهتو#shorts,https://www.youtube.com/watch?v=db_OGFqMoOg
چرا اسمش میاد به هم می ریزی؟#shorts,https://www.youtube.com/watch?v=xdY65coAsU8
سریال بی گناه - سکانس برتر قسمت 19 | Bigonah Series,https://www.youtube.com/watch?v=YDzqGJO0D-Y
نمیخوای بدونی عاشق کی شدم؟ - سریال بی گناه,https://www.youtube.com/watch?v=n7Nc9fz8Zuk
سریال بی گناه - تیزر قسمت 19 | Bigonah Series - Teaser Episode 19,https://www.youtube.com/watch?v=Tqx7x9glYAw
سریال جوکر - فصل 7 - قسمت 1 | Joker Series - Season 7 - Episode 1,https://www.youtube.com/watch?v=a6c6ed23Okk
سریال جوکر فصل هفتم قسمت اول#shorts,https://www.youtube.com/watch?v=3PJKrnGPW94
سریال نیسان آبی - فصل 1 - قسمت 4 | Neysan Abi Series - Season 1 - Episode 4,https://www.youtube.com/watch?v=pgay1nW06OM
لطف کردی زن من شدی#shorts,https://www.youtube.com/watch?v=0yeaFWes8Hs
قتل شاهزاده به دست خواجه - سریال جیران,https://www.youtube.com/watch?v=fEpnjN0XSro
سریال جیران - سکانس برتر قسمت 40 | Jeyran Series,https://www.youtube.com/watch?v=mjDaDxMsjxQ
انقدر روشنی که طلا شد نقره#shorts,https://www.youtube.com/watch?v=_totlGpVyOY
سریال جیران - دومین تیزر قسمت 40 | Jeyran Series - Teaser Episode 40,https://www.youtube.com/watch?v=o41i8O7AMvE
سریال جیران - اولین تیزر قسمت 40 | Jeyran Series - Teaser Episode 40,https://www.youtube.com/watch?v=iXVPcOX-VNM
سریال شبهای مافیا 4 - فصل 2 - قسمت 1 | Shabhaye Mafia 4 Series - Season 2 - Episode 1,https://www.youtube.com/watch?v=NmUhqIygZAQ
سریال روزی روزگاری مریخ - سکانس برتر قسمت 23 | Roozi Roozegari Merikh Series,https://www.youtube.com/watch?v=xIetYBR78_c
ممیزی - فصل 3 - قسمت 2 | Momayezi - Season 3 - Episode 2,https://www.youtube.com/watch?v=RH2-WEOoRlY
برنامه ممیزی فصل سوم قسمت دوم#shorts,https://www.youtube.com/watch?v=uQ5FF7DCBSc
سریال نیمه شب - فصل 1 - قسمت 28 | Nime Shab Series - Season 1 - Episode 28,https://www.youtube.com/watch?v=muUTFXPLOIM
سریال نیمه شب فصل اول قسمت بیست و هشتم#shorts,https://www.youtube.com/watch?v=DvMUWet63LI
سریال جوکر - فصل 6 - قسمت 5 | Joker Series - Season 6 - Episode 5,https://www.youtube.com/watch?v=TJL36xAiQhQ
علی انصاریان در جوکر#shorts,https://www.youtube.com/watch?v=Fv6mxvKnS-Q
بشیر ، مافیای مظلوم#shorts,https://www.youtube.com/watch?v=R7SrZRU2oOI
سریال شبهای مافیا 4 - فصل 1 - قسمت 3 | Shabhaye Mafia 4 Series - Season 1 - Episode 3,https://www.youtube.com/watch?v=IKYqXoaK7Uo
سریال نیمه شب - فصل 1 - قسمت 27 | Nime Shab Series - Season 1 - Episode 27,https://www.youtube.com/watch?v=5gPMxagrT6g
سریال نیمه شب فصل اول قسمت بیست و هفتم#shorts,https://www.youtube.com/watch?v=fcq35XK_BI4
سریال روزی روزگاری مریخ - تیزر قسمت 23 | Roozi Roozegari Merikh Series - Teaser Episode 23,https://www.youtube.com/watch?v=Z4dMO5Hk56M
سریال جزیره - قسمت 3 | Jazireh Series - Episode 3,https://www.youtube.com/watch?v=6A0nxY1n_mE
سریال جزیره قسمت سوم#shorts,https://www.youtube.com/watch?v=Xdy2GWW6epA
ماشالا با همه بوده#shorts,https://www.youtube.com/watch?v=XyEb3xrupPk
به عشق در یک نگاه اعتقاد داری؟ - سریال بی گناه,https://www.youtube.com/watch?v=uNBUSKIlUbU
سریال بی گناه - سکانس برتر قسمت 18 | Bigonah Series,https://www.youtube.com/watch?v=CmVFZ5IilMo
سریال جوکر - فصل 6 - قسمت 4 | Joker Series - Season 6 - Episode 4,https://www.youtube.com/watch?v=8l170VZL09s
طاووس عشوه ای#shorts,https://www.youtube.com/watch?v=3FFwdVgapy8
سریال جوکر فصل ششم قسمت چهارم#shorts,https://www.youtube.com/watch?v=Bd1Q9S-xDEo
سریال بی گناه - تیزر قسمت 18 | Bigonah Series - Teaser Episode 18,https://www.youtube.com/watch?v=6Ka2YMvfTkw
به خاطر عشق ، بکش#shorts,https://www.youtube.com/watch?v=Ne_UMslt9tE
سریال نیسان آبی - فصل 1 - قسمت 3 | Neysan Abi Series - Season 1 - Episode 3,https://www.youtube.com/watch?v=9MqzDRZC7yI
سریال نیسان آبی قسمت سوم#shorts,https://www.youtube.com/watch?v=31M6KxIK0pc
عشق یعنی زخم - سریال جیران,https://www.youtube.com/watch?v=GzBDM5GsDsk
سریال جیران - سکانس برتر قسمت 39 | Jeyran Series,https://www.youtube.com/watch?v=QcoGFB-uEjg
سریال شب های مافیا 4 فصل اول قسمت دوم#shorts,https://www.youtube.com/watch?v=pA-dKHccLbY
سریال شبهای مافیا 4 - فصل 1 - قسمت 2 | Shabhaye Mafia 4 Series - Season 1 - Episode 2,https://www.youtube.com/watch?v=W5ZPg7_eUPY
سریال بی گناه - فلش بک | Bi Gonah Series - Teaser,https://www.youtube.com/watch?v=6_r7hJPOmCs
سریال جیران - دومین تیزر قسمت 39 | Jeyran Series - Teaser Episode 39,https://www.youtube.com/watch?v=E3yNtB4wqA0
سریال جیران - اولین تیزر قسمت 39 | Jeyran Series - Teaser Episode 39,https://www.youtube.com/watch?v=3qY119l41sg